   1.00000000000000e+02
   1.00000000000000e+02
   1.00000000000000e+02
   1.00000000000000e+02
   1.00000000000000e+02
   1.00000000000000e+02
   1.00000000000000e+02
   1.00000000000000e+02
   1.00000000000000e+02
   1.00000000000000e+02
   1.00000000000000e+02
   1.00000000000000e+02
   1.00000000000000e+02
   1.00000000000000e+02
   1.00000000000000e+02
   1.00000000000000e+02
   1.00000000000000e+02
   1.00000000000000e+02
   1.00000000000000e+02
   1.00000000000000e+02
   1.00000000000000e+02
   1.00000000000000e+02
   1.00000000000000e+02
   1.00000000000000e+02
   1.00000000000000e+02
   1.00000000000000e+02
   1.00000000000000e+02
   1.00000000000000e+02
   1.00000000000000e+02
   1.00000000000000e+02
   1.00000000000000e+02
   1.00000000000000e+02
   1.00000000000000e+02
   1.00000000000000e+02
   1.00000000000000e+02
   1.00000000000000e+02
   1.00000000000000e+02
   1.00000000000000e+02
   1.00000000000000e+02
   1.00000000000000e+02
   0.00000000000000e+00
   0.00000000000000e+00
   5.00000677763037e+01
   8.24501759725362e+01
   9.20641805364168e+01
   9.59143224215663e+01
   9.76473759438756e+01
   9.86155337622495e+01
   9.91377765381534e+01
   9.94696751712348e+01
   9.96592594346440e+01
   9.97881581786406e+01
   9.98615714525360e+01
   9.99144566686737e+01
   9.99431043362300e+01
   9.99655188301141e+01
   9.99763520864909e+01
   9.99862075687839e+01
   9.99899612507596e+01
   9.99945623804845e+01
   9.99955654159646e+01
   9.99979237374897e+01
   9.99979091333969e+01
   9.99992698842886e+01
   9.99989214488113e+01
   9.99998009529084e+01
   9.99993859770958e+01
   9.99999975689383e+01
   9.99996236887265e+01
   1.00000050937454e+02
   9.99997680892885e+01
   1.00000034572447e+02
   9.99998538413542e+01
   9.99999160850511e+01
   9.99995141701360e+01
   9.99984836014025e+01
   9.99930115657323e+01
   9.99755949250753e+01
   9.98831495599834e+01
   9.93974291893613e+01
   9.59399485202601e+01
   8.88246235403718e+01
   0.00000000000000e+00
   1.75497325379993e+01
   5.00000165704870e+01
   7.33826366244063e+01
   8.53509349457813e+01
   9.15224757986636e+01
   9.48943082961884e+01
   9.68531865743695e+01
   9.80270451825572e+01
   9.87536749932958e+01
   9.92069111509594e+01
   9.94950214170580e+01
   9.96771171265793e+01
   9.97940868038900e+01
   9.98680336230066e+01
   9.99158138969484e+01
   9.99458189433481e+01
   9.99653837102927e+01
   9.99775153107614e+01
   9.99855846620744e+01
   9.99904754837450e+01
   9.99938651980797e+01
   9.99958308396940e+01
   9.99973051223114e+01
   9.99980881414033e+01
   9.99987651329642e+01
   9.99990692093861e+01
   9.99994021599020e+01
   9.99995140190577e+01
   9.99996853613799e+01
   9.99997137857318e+01
   9.99997457463673e+01
   9.99994972844604e+01
   9.99984344163419e+01
   9.99939359087075e+01
   9.99769662920232e+01
   9.99110096511531e+01
   9.96619164233410e+01
   9.88105685233190e+01
   9.74585502439906e+01
   9.73441892694097e+01
   0.00000000000000e+00
   7.93589824872770e+00
   2.66173470024624e+01
   4.99999998334663e+01
   6.87106480988393e+01
   8.07488170880290e+01
   8.80629928735407e+01
   9.25145301803383e+01
   9.52641909859122e+01
   9.69865676507386e+01
   9.80759819878082e+01
   9.87696890041524e+01
   9.92126299855177e+01
   9.94961086495912e+01
   9.96773347001046e+01
   9.97933425877752e+01
   9.98673820087981e+01
   9.99147792885706e+01
   9.99449872251683e+01
   9.99643850010947e+01
   9.99767515776377e+01
   9.99847614253961e+01
   9.99898776112221e+01
   9.99932469107576e+01
   9.99954028584948e+01
   9.99968622186786e+01
   9.99977945033783e+01
   9.99984519589971e+01
   9.99988674255139e+01
   9.99991721768013e+01
   9.99993364972164e+01
   9.99993487751095e+01
   9.99988178427114e+01
   9.99963040106628e+01
   9.99863971216324e+01
   9.99507258129667e+01
   9.98346759189658e+01
   9.95242355523103e+01
   9.90119864373209e+01
   9.86572110579364e+01
   9.85002591688519e+01
   0.00000000000000e+00
   4.08560213676423e+00
   1.46490790417332e+01
   3.12893532223298e+01
   4.99999993716004e+01
   6.59904678121184e+01
   7.76042539527522e+01
   8.54373831760004e+01
   9.05741905093911e+01
   9.39105903773727e+01
   9.60713271487603e+01
   9.74684881405794e+01
   9.83709564051906e+01
   9.89527573923003e+01
   9.93272996769857e+01
   9.95678382197614e+01
   9.97221939236878e+01
   9.98210390296372e+01
   9.98844077384693e+01
   9.99249752464866e+01
   9.99510605634237e+01
   9.99678133504590e+01
   9.99786749604098e+01
   9.99856977216684e+01
   9.99903182447620e+01
   9.99933336323697e+01
   9.99953622014663e+01
   9.99966986943958e+01
   9.99976243325488e+01
   9.99982284379991e+01
   9.99986143552384e+01
   9.99986329358366e+01
   9.99976589903511e+01
   9.99930802216438e+01
   9.99763858350490e+01
   9.99242515674147e+01
   9.97926726386845e+01
   9.95592159215481e+01
   9.93124787458025e+01
   9.91655703824642e+01
   9.91442781030294e+01
   0.00000000000000e+00
   2.35269708783466e+00
   8.47751121470956e+00
   1.92511815908954e+01
   3.40095329326332e+01
   4.99999999657601e+01
   6.42503591653488e+01
   7.53784837070323e+01
   8.34214795565841e+01
   8.89912843221153e+01
   9.27563874365913e+01
   9.52646619898402e+01
   9.69192481345369e+01
   9.80028762182407e+01
   9.87085046572837e+01
   9.91659592240793e+01
   9.94614549186238e+01
   9.96518930407596e+01
   9.97744273952649e+01
   9.98532755822239e+01
   9.99040397014029e+01
   9.99368155914571e+01
   9.99580330174579e+01
   9.99718513922993e+01
   9.99808892644082e+01
   9.99868590029554e+01
   9.99908205635848e+01
   9.99934879271132e+01
   9.99952856943816e+01
   9.99965077792486e+01
   9.99972577784878e+01
   9.99973890206667e+01
   9.99958605777489e+01
   9.99890547375159e+01
   9.99669235606583e+01
   9.99097241267745e+01
   9.97989846801415e+01
   9.96515342271543e+01
   9.95228109098621e+01
   9.94482271665494e+01
   9.94087238454777e+01
   0.00000000000000e+00
   1.38439539995997e+00
   5.10570377156078e+00
   1.19370086780584e+01
   2.23957453365173e+01
   3.57496408215559e+01
   5.00000000446594e+01
   6.30525962115068e+01
   7.37323391085986e+01
   8.18298478814345e+01
   8.76719240611184e+01
   9.17510207174958e+01
   9.45362365216671e+01
   9.64079179422179e+01
   9.76509767458601e+01
   9.84692214474576e+01
   9.90042499394011e+01
   9.93523919820051e+01
   9.95782119850799e+01
   9.97244435097619e+01
   9.98191305241994e+01
   9.98805198180034e+01
   9.99204373656267e+01
   9.99464985653140e+01
   9.99636127489981e+01
   9.99749249387148e+01
   9.99824664609474e+01
   9.99875354346107e+01
   9.99909754955745e+01
   9.99933048477609e+01
   9.99947813594010e+01
   9.99952127867126e+01
   9.99932935263323e+01
   9.99849213856363e+01
   9.99611321093250e+01
   9.99100994347453e+01
   9.98294418735028e+01
   9.97378793486481e+01
   9.96619774770518e+01
   9.96146173724552e+01
   9.96027614885540e+01
   0.00000000000000e+00
   8.62292528702322e-01
   3.14680207894747e+00
   7.48546805829364e+00
   1.45626175722870e+01
   2.46215162918308e+01
   3.69474037195540e+01
   5.00000000227811e+01
   6.21761949445815e+01
   7.24589921630797e+01
   8.05292660236361e+01
   8.65391177031132e+01
   9.08494583356436e+01
   9.38576391622347e+01
   9.59150934140187e+01
   9.73011788683305e+01
   9.82244283141151e+01
   9.88342596594900e+01
   9.92346946898169e+01
   9.94966506561074e+01
   9.96677075831763e+01
   9.97794109916333e+01
   9.98524799489728e+01
   9.99004377570849e+01
   9.99320660565246e+01
   9.99530571964948e+01
   9.99670927896763e+01
   9.99765591318496e+01
   9.99829962102818e+01
   9.99873805292466e+01
   9.99902254080342e+01
   9.99914317128894e+01
   9.99896426204731e+01
   9.99811217880647e+01
   9.99594772309386e+01
   9.99193667073902e+01
   9.98637005327899e+01
   9.98049985413737e+01
   9.97569685616209e+01
   9.97264433945149e+01
   9.97094255418305e+01
   0.00000000000000e+00
   5.30257033941163e-01
   1.97296564795633e+00
   4.73581092065017e+00
   9.42580872125860e+00
   1.65785204498304e+01
   2.62676609511654e+01
   3.78238050196546e+01
   5.00000000135034e+01
   6.14997296841569e+01
   7.14302033378391e+01
   7.94273919085277e+01
   8.55347578886096e+01
   9.00157591569566e+01
   9.32054289319956e+01
   9.54243137144347e+01
   9.69411780553719e+01
   9.79646089137868e+01
   9.86485055012968e+01
   9.91024645650592e+01
   9.94025501560942e+01
   9.96005469729470e+01
   9.97312099162532e+01
   9.98176153889449e+01
   9.98749720178868e+01
   9.99132505424259e+01
   9.99389712884988e+01
   9.99563908161175e+01
   9.99682847685009e+01
   9.99764319725763e+01
   9.99818545218402e+01
   9.99847509926788e+01
   9.99840690241149e+01
   9.99770207740663e+01
   9.99597990987976e+01
   9.99306096341166e+01
   9.98928730762148e+01
   9.98543328911005e+01
   9.98222941409542e+01
   9.98008856680584e+01
   9.97946836636992e+01
   0.00000000000000e+00
   3.40807588379362e-01
   1.24631452633366e+00
   3.01343033707758e+00
   6.08941040412090e+00
   1.10087156711438e+01
   1.81701520625223e+01
   2.75410078684319e+01
   3.85002702922568e+01
   5.00000000103939e+01
   6.09520367797383e+01
   7.05642570981686e+01
   7.84604281757438e+01
   8.46160181383099e+01
   8.92221696924158e+01
   9.25608576372967e+01
   9.49219116860770e+01
   9.65602899614948e+01
   9.76810507486843e+01
   9.84397510393331e+01
   9.89496699190326e+01
   9.92908901171974e+01
   9.95187958605035e+01
   9.96710731363842e+01
   9.97730601306169e+01
   9.98416518235208e+01
   9.98880500622800e+01
   9.99196589090072e+01
   9.99413567418335e+01
   9.99563231356094e+01
   9.99665034323506e+01
   9.99727419647718e+01
   9.99746490980796e+01
   9.99706236178996e+01
   9.99587949222727e+01
   9.99389679489652e+01
   9.99139157556477e+01
   9.98883758011998e+01
   9.98669774657388e+01
   9.98525955135201e+01
   9.98442195138098e+01
   0.00000000000000e+00
   2.11775084297907e-01
   7.93099114112451e-01
   1.92402010979453e+00
   3.92867205910837e+00
   7.24361256981972e+00
   1.23280759923349e+01
   1.94707339481096e+01
   2.85697966829951e+01
   3.90479632018458e+01
   5.00000000081187e+01
   6.04892421863402e+01
   6.98075947516716e+01
   7.75838953039404e+01
   8.37514034639701e+01
   8.84473561627927e+01
   9.19088950689416e+01
   9.43963752792967e+01
   9.61489742929887e+01
   9.73654705920440e+01
   9.82006822824543e+01
   9.87698539130569e+01
   9.91560076320236e+01
   9.94175239455498e+01
   9.95947305984714e+01
   9.97151248411535e+01
   9.97972863149190e+01
   9.98536917876903e+01
   9.98926823923871e+01
   9.99197868590415e+01
   9.99385516708498e+01
   9.99509740113508e+01
   9.99577081592906e+01
   9.99584044365269e+01
   9.99525763604744e+01
   9.99407749226412e+01
   9.99251349544061e+01
   9.99087970085570e+01
   9.98946304468380e+01
   9.98847067932021e+01
   9.98819123456028e+01
   0.00000000000000e+00
   1.38495472341551e-01
   5.04968418688377e-01
   1.23030882180373e+00
   2.53151266349818e+00
   4.73533800421032e+00
   8.24897923077031e+00
   1.34608823226996e+01
   2.05726080727398e+01
   2.94357429183990e+01
   3.95107577991418e+01
   5.00000000064348e+01
   6.00831717976139e+01
   6.91241796658911e+01
   7.67663507662835e+01
   8.29175844534207e+01
   8.76747821936921e+01
   9.12372832337050e+01
   9.38377216849971e+01
   9.56983781262401e+01
   9.70096540885705e+01
   9.79235937589180e+01
   9.85558380255928e+01
   9.89912985838702e+01
   9.92907287963974e+01
   9.94967762124962e+01
   9.96389660055670e+01
   9.97375397496090e+01
   9.98062752313293e+01
   9.98544795461276e+01
   9.98883282583143e+01
   9.99117162789387e+01
   9.99268247160677e+01
   9.99346966823981e+01
   9.99360100270206e+01
   9.99318570845788e+01
   9.99240696816122e+01
   9.99148961401269e+01
   9.99065424839109e+01
   9.99005992926481e+01
   9.98966772699193e+01
   0.00000000000000e+00
   8.54757488973520e-02
   3.22893038530415e-01
   7.87372263240674e-01
   1.62904277588629e+00
   3.08075187095378e+00
   5.46376352913046e+00
   9.15054164024154e+00
   1.44652421286319e+01
   2.15395718089940e+01
   3.01924052616153e+01
   3.99168281906983e+01
   5.00000000052637e+01
   5.97151217540248e+01
   6.84891897474223e+01
   7.59852281916411e+01
   8.20970800346614e+01
   8.68914416227107e+01
   9.05357859279699e+01
   9.32370043945982e+01
   9.51999782478224e+01
   9.66051658129521e+01
   9.76001205392904e+01
   9.82994456910072e+01
   9.87889143412520e+01
   9.91309973795004e+01
   9.93702919071462e+01
   9.95381732033896e+01
   9.96564810826484e+01
   9.97402830476721e+01
   9.97998553153343e+01
   9.98420548610281e+01
   9.98713011445909e+01
   9.98903963355060e+01
   9.99013107922256e+01
   9.99058304714805e+01
   9.99058614020123e+01
   9.99033780549708e+01
   9.99000735918593e+01
   9.98972855966352e+01
   9.98969527624232e+01
   0.00000000000000e+00
   5.69643798305747e-02
   2.05902935648006e-01
   5.03889023585103e-01
   1.04724344549190e+00
   1.99712377657855e+00
   3.59208200727428e+00
   6.14236086074568e+00
   9.98424082683175e+00
   1.53839818760400e+01
   2.24161046836399e+01
   3.08758203449448e+01
   4.02848782362877e+01
   5.00000000044208e+01
   5.93723314158400e+01
   6.78851744581358e+01
   7.52240893347408e+01
   8.12766175087295e+01
   8.60869267284367e+01
   8.97956374770514e+01
   9.25859585905336e+01
   9.46453260552524e+01
   9.61431341946282e+01
   9.72210204026729e+01
   9.79912507916002e+01
   9.85394564521783e+01
   9.89291361596330e+01
   9.92064085788921e+01
   9.94042596616406e+01
   9.95460079036612e+01
   9.96479642149500e+01
   9.97214000653374e+01
   9.97740024314561e+01
   9.98110080199463e+01
   9.98361242568397e+01
   9.98522217931821e+01
   9.98617333046194e+01
   9.98667531062111e+01
   9.98690709972697e+01
   9.98699828511669e+01
   9.98694065438325e+01
   1.47911419728940e-31
   3.44108261024327e-02
   1.31976824626510e-01
   3.22667711918462e-01
   6.72699461443177e-01
   1.29149534781150e+00
   2.34902330490848e+00
   4.08490656368035e+00
   6.79457108353706e+00
   1.07778302938359e+01
   1.62485965478562e+01
   2.32336492234735e+01
   3.15108102616623e+01
   4.06276685759307e+01
   5.00000000037986e+01
   5.90458980313243e+01
   6.72996507748784e+01
   7.44707966098465e+01
   8.04459856055546e+01
   8.52527619175345e+01
   8.90091549006902e+01
   9.18767622824322e+01
   9.40258807923262e+01
   9.56141044506655e+01
   9.67760050972120e+01
   9.76203541642688e+01
   9.82316739235584e+01
   9.86737729254583e+01
   9.89938034602379e+01
   9.92260554992907e+01
   9.93951548468459e+01
   9.95185998858980e+01
   9.96087210397417e+01
   9.96741934236375e+01
   9.97212057071266e+01
   9.97543188640546e+01
   9.97770223677730e+01
   9.97920481654689e+01
   9.98014320434106e+01
   9.98066622915436e+01
   9.98094141407807e+01
   8.62816615085482e-32
   2.37204098884651e-02
   8.41753752599909e-02
   2.06654904793395e-01
   4.32162671292939e-01
   8.34040770624846e-01
   1.53077850100034e+00
   2.69882115367021e+00
   4.57568627041886e+00
   7.43914237609672e+00
   1.15526438257471e+01
   1.70824155564314e+01
   2.40147717996826e+01
   3.21148255496617e+01
   4.09541019615311e+01
   5.00000000033325e+01
   5.87294975968369e+01
   6.67235615814922e+01
   7.37162843521487e+01
   7.95972343508066e+01
   8.43819348670684e+01
   8.81694752788819e+01
   9.11018889058818e+01
   9.33329166489992e+01
   9.50079536453491e+01
   9.62536223272231e+01
   9.71741957691442e+01
   9.78521746469830e+01
   9.83509442294534e+01
   9.87181510453408e+01
   9.89890247362838e+01
   9.91892876491055e+01
   9.93375488133496e+01
   9.94472113134917e+01
   9.95279534432480e+01
   9.95868351546878e+01
   9.96290732018664e+01
   9.96585274438720e+01
   9.96780609616406e+01
   9.96896336149693e+01
   9.96937546533321e+01
  -6.31705021759013e-32
   1.37172124251983e-02
   5.41921623126444e-02
   1.32620606978615e-01
   2.77805149237755e-01
   5.38545087206255e-01
   9.95750113403417e-01
   1.77557166384132e+00
   3.05882195963366e+00
   5.07808830066729e+00
   8.09110494233948e+00
   1.23252177966718e+01
   1.79029199737623e+01
   2.47759106577416e+01
   3.27003492319553e+01
   4.12705023968352e+01
   5.00000000029792e+01
   5.84185749804355e+01
   6.61502642711881e+01
   7.29537222708131e+01
   7.87241161097313e+01
   8.34685711286751e+01
   8.72703870322106e+01
   9.02540319304609e+01
   9.25574931881315e+01
   9.43138657378926e+01
   9.56411946175556e+01
   9.66384167201092e+01
   9.73851730933942e+01
   9.79436987102787e+01
   9.83615622691075e+01
   9.86745229688912e+01
   9.89091362880649e+01
   9.90849639679531e+01
   9.92163614426684e+01
   9.93138610257067e+01
   9.93851913635874e+01
   9.94360056946521e+01
   9.94703118109585e+01
   9.94908571479207e+01
   9.94998196616156e+01
   2.46519032881566e-32
   1.01173212962196e-02
   3.46047001683474e-02
   8.52179717348441e-02
   1.78961940924391e-01
   3.48106952474016e-01
   6.47607963426668e-01
   1.16574036291442e+00
   2.03539107111994e+00
   3.43971005181089e+00
   5.60362470942973e+00
   8.76271677586138e+00
   1.31085583689787e+01
   1.87233824986323e+01
   2.55292033835079e+01
   3.32764384246120e+01
   4.15814250138574e+01
   5.00000000027087e+01
   5.81098167884702e+01
   6.55748531954756e+01
   7.21779386676590e+01
   7.78216941834485e+01
   8.25077122396481e+01
   8.63062316009383e+01
   8.93260872680334e+01
   9.16904824874910e+01
   9.35203680287234e+01
   9.49248257395170e+01
   9.59967928307057e+01
   9.68123082175888e+01
   9.74317595783130e+01
   9.79020503110582e+01
   9.82590097246089e+01
   9.85296766885934e+01
   9.87342811727805e+01
   9.88878635406046e+01
   9.90015343734209e+01
   9.90834001821938e+01
   9.91392800325836e+01
   9.91731032722206e+01
   9.91866220681575e+01
   9.24446373305873e-33
   5.35498354861925e-03
   2.24968808237053e-02
   5.50156567190562e-02
   1.15591238907303e-01
   2.25572612916015e-01
   4.21788071771169e-01
   7.65305287094778e-01
   1.35149451409771e+00
   2.31894923777384e+00
   3.85102571843218e+00
   6.16227830536350e+00
   9.46421408034760e+00
   1.39130732642393e+01
   1.95540144010042e+01
   2.62837156418634e+01
   3.38497357343561e+01
   4.18901832062917e+01
   5.00000000024954e+01
   5.78007997945027e+01
   6.49936970180915e+01
   7.13850178958493e+01
   7.68860682678132e+01
   8.14951685398076e+01
   8.52718583134586e+01
   8.83111833290565e+01
   9.07226492229432e+01
   9.26154330249676e+01
   9.40894891678115e+01
   9.52312674038580e+01
   9.61125727265905e+01
   9.67912955257811e+01
   9.73130765603728e+01
   9.77132935734096e+01
   9.80190111105294e+01
   9.82507069419512e+01
   9.84236991505897e+01
   9.85492770549832e+01
   9.86354998849960e+01
   9.86878500622207e+01
   9.87099427494032e+01
   8.01186856865090e-32
   4.52209667277954e-03
   1.44024095429476e-02
   3.56119536479196e-02
   7.50258380992039e-02
   1.46724407584204e-01
   2.75556430535123e-01
   5.03349367998410e-01
   8.97535419020707e-01
   1.56024897462222e+00
   2.63452939622509e+00
   4.30162188359833e+00
   6.76299559694708e+00
   1.02043625303256e+01
   1.47472380758737e+01
   2.04027656551264e+01
   2.70462777236771e+01
   3.44251468096114e+01
   4.21992002005760e+01
   5.00000000022901e+01
   5.74897513030637e+01
   6.44041172427814e+01
   7.05720162013445e+01
   7.59141818912417e+01
   8.04274260389805e+01
   8.41626197994369e+01
   8.72027512877753e+01
   8.96447815700115e+01
   9.15866510500307e+01
   9.31192145447539e+01
   9.43221125662971e+01
   9.52623976789130e+01
   9.59948635870094e+01
   9.65632780568288e+01
   9.70019753013326e+01
   9.73374744639008e+01
   9.75899426763055e+01
   9.77744104500564e+01
   9.79017779704092e+01
   9.79794864425833e+01
   9.80113800579990e+01
  -4.02519358376932e-32
   1.98293135043464e-03
   9.53833804551716e-03
   2.32516553412952e-02
   4.89382785020042e-02
   9.59603115405906e-02
   1.80869538975083e-01
   3.32292391322242e-01
   5.97449860576656e-01
   1.05033006638703e+00
   1.79931772972287e+00
   2.99034590121021e+00
   4.80002176082567e+00
   7.41404140183670e+00
   1.09908451058998e+01
   1.56180651267886e+01
   2.12758838955958e+01
   2.78220613270333e+01
   3.50063029864450e+01
   4.25102486919737e+01
   5.00000000018505e+01
   5.71753825760445e+01
   6.38041612101549e+01
   6.97367589832647e+01
   7.49036876736463e+01
   7.93015924089296e+01
   8.29743984215779e+01
   8.59946297045734e+01
   8.84478712289572e+01
   9.04214781901832e+01
   9.19973861151534e+01
   9.32482467325900e+01
   9.42359421119528e+01
   9.50116123213940e+01
   9.56165227243416e+01
   9.60832980307402e+01
   9.64372222147221e+01
   9.66974434177941e+01
   9.68779440219027e+01
   9.69883594554478e+01
   9.70346209802358e+01
   8.01186856865090e-32
   2.19112015354776e-03
   6.11990177411191e-03
   1.52351260432851e-02
   3.21878945943121e-02
   6.31843918820872e-02
   1.19480114622638e-01
   2.20589035649515e-01
   3.99453009302049e-01
   7.09109898113862e-01
   1.23014607396751e+00
   2.07640625155865e+00
   3.39483417766922e+00
   5.35467395215265e+00
   8.12323771007556e+00
   1.18305247265045e+01
   1.65314288647692e+01
   2.21783058205266e+01
   2.86149820979306e+01
   3.55958827600154e+01
   4.28246174170499e+01
   4.99999999995186e+01
   5.68567709579816e+01
   6.31924393750656e+01
   6.88776946631742e+01
   7.38528534983000e+01
   7.81153711363690e+01
   8.17036562326977e+01
   8.46811982640594e+01
   8.71233398907516e+01
   8.91075611889802e+01
   9.07071628293760e+01
   9.19877339284950e+01
   9.30056432850311e+01
   9.38078471362826e+01
   9.44324514445471e+01
   9.49096263841354e+01
   9.52625989171846e+01
   9.55086172137021e+01
   9.56596822144882e+01
   9.57223193712585e+01
   4.00593428432545e-32
   6.21633586257193e-04
   4.18536015133251e-03
   1.01260845772444e-02
   2.13236916154100e-02
   4.19670040732124e-02
   7.95627066077200e-02
   1.47520021212366e-01
   2.68790102450780e-01
   4.81204122479408e-01
   8.43992380780977e-01
   1.44416196170069e+00
   2.39987946831800e+00
   3.85686579438830e+00
   5.97411921129720e+00
   8.89811108321999e+00
   1.27296129681328e+01
   1.74922877486738e+01
   2.31139317295347e+01
   2.94279837849540e+01
   3.61958387824360e+01
   4.31432290198502e+01
   4.99999999825251e+01
   5.65332750669377e+01
   6.25680069701298e+01
   6.79937882542480e+01
   7.27604975878166e+01
   7.68670555682068e+01
   8.03475021327047e+01
   8.32575350635944e+01
   8.56633072266108e+01
   8.76331366749085e+01
   8.92320247146417e+01
   9.05184861304958e+01
   9.15430776424076e+01
   9.23480491230659e+01
   9.29676521444885e+01
   9.34287761803249e+01
   9.37516324343590e+01
   9.39504317011346e+01
   9.40337047798767e+01
   2.08000433993821e-32
   1.19681942204126e-03
   2.67711021934792e-03
   6.74911034583207e-03
   1.43037477481316e-02
   2.81485791476683e-02
   5.35013556655183e-02
   9.95622740870042e-02
   1.82384587990576e-01
   3.28926877637928e-01
   5.82476033737879e-01
   1.00870141953787e+00
   1.70055428636935e+00
   2.77897958969670e+00
   4.38589552096283e+00
   6.66708333274727e+00
   9.74596803428935e+00
   1.36937683708953e+01
   1.85048314159571e+01
   2.40858180661342e+01
   3.02632409517392e+01
   3.68075605449702e+01
   4.34667247923287e+01
   4.99999998483024e+01
   5.62044727389697e+01
   6.19302766207848e+01
   6.70844428206527e+01
   7.16259436713252e+01
   7.55555362078966e+01
   7.89037702061511e+01
   8.17195907121856e+01
   8.40608925220216e+01
   8.59874971997990e+01
   8.75564426243759e+01
   8.88191771790705e+01
   8.98201609839309e+01
   9.05964077524541e+01
   9.11775758543363e+01
   9.15863727686106e+01
   9.18389689294489e+01
   9.19443220934458e+01
   0.00000000000000e+00
   6.91251121516778e-05
   1.93152027297375e-03
   4.60144230173995e-03
   9.68014013239274e-03
   1.91107694422953e-02
   3.63873308629488e-02
   6.79338979169939e-02
   1.25027989312133e-01
   2.26939824763505e-01
   4.05269379659167e-01
   7.09271135855935e-01
   1.21108559638372e+00
   2.00874910522229e+00
   3.22399479771236e+00
   4.99204621598985e+00
   7.44250666949420e+00
   1.06739125577816e+01
   1.47281414958191e+01
   1.95725737156610e+01
   2.50963120168339e+01
   3.11223048975317e+01
   3.74319923928247e+01
   4.37955261851408e+01
   4.99999987967816e+01
   5.58701142863595e+01
   6.12789520395058e+01
   6.61494396490794e+01
   7.04489886669999e+01
   7.41803145519842e+01
   7.73711019154581e+01
   8.00643698281833e+01
   8.23105376401816e+01
   8.41615092022842e+01
   8.56666554536430e+01
   8.68703540759614e+01
   8.78106797478022e+01
   8.85188757149633e+01
   8.90192458515197e+01
   8.93293007428863e+01
   8.94594326918602e+01
  -2.54222752659115e-32
   7.57842555829899e-04
   1.21290712630273e-03
   3.13310874855056e-03
   6.66814097039119e-03
   1.31409288314052e-02
   2.50749316972590e-02
   4.69427819629919e-02
   8.67493298807597e-02
   1.58348039742488e-01
   2.84874909205809e-01
   5.03223483672997e-01
   8.69002197221170e-01
   1.46054305834005e+00
   2.37964524880668e+00
   3.74637703572820e+00
   5.68613354463980e+00
   8.30951672177434e+00
   1.16888157262190e+01
   1.58373790203526e+01
   2.06984059881222e+01
   2.61471442495971e+01
   3.20062084676287e+01
   3.80697184772258e+01
   4.41298775533427e+01
   4.99999910606178e+01
   5.55300824079503e+01
   6.06139714925945e+01
   6.51888852048560e+01
   6.92298708612846e+01
   7.27415106500068e+01
   7.57490171508157e+01
   7.82901011624933e+01
   8.04083271690736e+01
   8.21481516693903e+01
   8.35515145703010e+01
   8.46556953928647e+01
   8.54920922917861e+01
   8.60856629304440e+01
   8.64546748721893e+01
   8.66092576888136e+01
  -1.07852076885685e-32
  -1.57982549327506e-04
   9.55523811220695e-04
   2.21054245339101e-03
   4.63574499532410e-03
   9.17936900474066e-03
   1.75334088066103e-02
   3.29067698534006e-02
   6.10281119234771e-02
   1.11948970644018e-01
   2.02712382273410e-01
   3.61032244136762e-01
   6.29705979350491e-01
   1.07086136942484e+00
   1.76832337170094e+00
   2.82580130148695e+00
   4.35880223320642e+00
   6.47962840926924e+00
   9.27734648077665e+00
   1.27972430657423e+01
   1.70255937107953e+01
   2.18846174993608e+01
   2.72394858800100e+01
   3.29155331379659e+01
   3.87210124902336e+01
   4.44698600445069e+01
   4.99999392652916e+01
   5.51843324789425e+01
   5.99354289337130e+01
   6.42031282447654e+01
   6.79691978355478e+01
   7.12398190919371e+01
   7.40379233024901e+01
   7.63963384742945e+01
   7.83522385496542e+01
   7.99429954803139e+01
   8.12032970485147e+01
   8.21632941683055e+01
   8.28474568941114e+01
   8.32739403050368e+01
   8.34534106076526e+01
  -9.24446373305873e-33
   5.56480108756732e-04
   5.69617416485505e-04
   1.54229700972431e-03
   3.30309562583029e-03
   6.51117925957179e-03
   1.24630268494958e-02
   2.34385725395199e-02
   4.36055240828209e-02
   8.03359032881279e-02
   1.46301222360955e-01
   2.62451618537977e-01
   4.61816745528630e-01
   7.93580434393232e-01
   1.32621546170367e+00
   2.14781325179729e+00
   3.36157027003241e+00
   5.07515932156286e+00
   7.38454814076071e+00
   1.03551926763576e+01
   1.40053331825525e+01
   1.82962893001849e+01
   2.31328647769711e+01
   2.83739416445965e+01
   3.38503975883573e+01
   3.93857951993751e+01
   4.48153006045025e+01
   4.99996290564658e+01
   5.48326968741176e+01
   5.92433378357366e+01
   6.31924951124299e+01
   6.66676666300581e+01
   6.96762316216893e+01
   7.22388671862065e+01
   7.43837837925948e+01
   7.61420992265827e+01
   7.75443828000082e+01
   7.86182217839023e+01
   7.93866467614312e+01
   7.98671033944456e+01
   8.00691018495493e+01
   0.00000000000000e+00
  -2.54733790497519e-04
   5.17713681749092e-04
   1.13736189237668e-03
   2.37062205961807e-03
   4.70967708468040e-03
   9.01647756493696e-03
   1.69906840218847e-02
   3.16959438619522e-02
   5.86167986984470e-02
   1.07284303261739e-01
   1.93685814779289e-01
   3.43476406814971e-01
   5.95696166315419e-01
   1.00615185675321e+00
   1.64900999208238e+00
   2.61477726287104e+00
   4.00314785679760e+00
   5.91043236781963e+00
   8.41323707395603e+00
   1.15519635319301e+01
   1.53185564697957e+01
   1.96521387445332e+01
   2.44439496084444e+01
   2.95502929925604e+01
   3.48101287874324e+01
   4.00632025817779e+01
   4.51652172162511e+01
   4.99979838060062e+01
   5.44740720959167e+01
   5.85367010554387e+01
   6.21562574235567e+01
   6.53249488200774e+01
   6.80508659992655e+01
   7.03523449081076e+01
   7.22531306641482e+01
   7.37785337769050e+01
   7.49525734581314e+01
   7.57959248758556e+01
   7.63245223320775e+01
   7.65475679249415e+01
   0.00000000000000e+00
   4.62245304865308e-04
   2.74612970828870e-04
   8.14316382971789e-04
   1.76023064535030e-03
   3.46622653850463e-03
   6.65169827068245e-03
   1.25529227985086e-02
   2.34741881082981e-02
   4.35561978437272e-02
   8.00706421660094e-02
   1.45364855889457e-01
   2.59557234308843e-01
   4.53834631368840e-01
   7.73790120874388e-01
   1.28169130867221e+00
   2.05612480896728e+00
   3.18746957916117e+00
   4.76842314246290e+00
   6.88032886489364e+00
   9.57783568110698e+00
   1.28756364195490e+01
   1.67409685785102e+01
   2.10940999428913e+01
   2.58167385917361e+01
   3.07661574257799e+01
   3.57916057652364e+01
   4.07495753327540e+01
   4.55154352669067e+01
   4.99903085857706e+01
   5.41033083499331e+01
   5.78100782321962e+01
   6.10889217218915e+01
   6.39357585672300e+01
   6.63588799760605e+01
   6.83741388440871e+01
   7.00009087843580e+01
   7.12589030224634e+01
   7.21658572358549e+01
   7.27358712804111e+01
   7.29762614498731e+01
   0.00000000000000e+00
  -3.00849147073408e-04
   3.13957916006416e-04
   6.34194731934084e-04
   1.30935210363596e-03
   2.61170189064651e-03
   5.00762153476973e-03
   9.46581576168236e-03
   1.77377359652488e-02
   3.30081336464458e-02
   6.09132200559405e-02
   1.11127162081225e-01
   1.99619144381897e-01
   3.51539959719690e-01
   6.04367436131550e-01
   1.01047784264125e+00
   1.63785163470982e+00
   2.56745669462407e+00
   3.88628497998043e+00
   5.67615898659451e+00
   7.99999109217849e+00
   1.08885227027268e+01
   1.43309916567223e+01
   1.82723474186641e+01
   2.26178351504434e+01
   2.72437413766629e+01
   3.20116253467928e+01
   3.67828935508645e+01
   4.14310721855199e+01
   4.58502049158380e+01
   4.99589742763823e+01
   5.37010569774720e+01
   5.70427253634737e+01
   5.99688218922053e+01
   6.24780844567007e+01
   6.45785360225475e+01
   6.62833858949940e+01
   6.76076849143786e+01
   6.85657329286177e+01
   6.91691750410975e+01
   6.94244618090963e+01
   0.00000000000000e+00
   4.20724902601703e-04
   1.31341633674558e-04
   4.66218235590612e-04
   1.02009306931372e-03
   2.00388409819840e-03
   3.85390390967969e-03
   7.29191240396288e-03
   1.36895056214786e-02
   2.55387751992247e-02
   4.72868259574574e-02
   8.66350526847286e-02
   1.56439556645090e-01
   2.77223337642437e-01
   4.80068490257039e-01
   8.09264679738097e-01
   1.32365609279627e+00
   2.09537003303902e+00
   3.20480868744464e+00
   4.73161269349771e+00
   6.74262790054592e+00
   9.27924348750461e+00
   1.23471804897472e+01
   1.59114666437266e+01
   1.98979923221755e+01
   2.42012394372050e+01
   2.86962225657484e+01
   3.32519042969034e+01
   3.77434679463563e+01
   4.20616130051081e+01
   4.61180753924359e+01
   4.98475016165656e+01
   5.32064117075358e+01
   5.61702220527363e+01
   5.87292369096092e+01
   6.08843154752259e+01
   6.26427515012797e+01
   6.40147630974489e+01
   6.50108638368997e+01
   6.56400150871020e+01
   6.59061054457468e+01
   0.00000000000000e+00
  -3.29848333697034e-04
   2.16617455492806e-04
   3.85857364966075e-04
   7.87573672511592e-04
   1.57841773808450e-03
   3.02905271206438e-03
   5.73933104360164e-03
   1.07909477540093e-02
   2.01749467623097e-02
   3.74621343805544e-02
   6.88855842006487e-02
   1.24948355041145e-01
   2.22609404536975e-01
   3.87905305445943e-01
   6.58542667562318e-01
   1.08559842568204e+00
   1.73316391091119e+00
   2.67481293720541e+00
   3.98635709871867e+00
   5.73544523694553e+00
   7.96981711049738e+00
   1.07068834359354e+01
   1.39273057890132e+01
   1.75743012065075e+01
   2.15588527662276e+01
   2.57694840798413e+01
   3.00842940176845e+01
   3.43827840210983e+01
   3.85555296773054e+01
   4.25106293321697e+01
   4.61767580220392e+01
   4.95033224693130e+01
   5.24585296038341e+01
   5.50261279054080e+01
   5.72013293144008e+01
   5.89863947031213e+01
   6.03867132148153e+01
   6.14080978669245e+01
   6.20553154238489e+01
   6.23300586998669e+01
   0.00000000000000e+00
   4.08545617464856e-04
   5.47842984006751e-05
   2.90747301991770e-04
   6.43631082667520e-04
   1.26001458136403e-03
   2.42782487351766e-03
   4.60219477759201e-03
   8.66464307543796e-03
   1.62285126284743e-02
   3.02060288971012e-02
   5.57119202479481e-02
   1.01432230038327e-01
   1.81523670888036e-01
   3.17963858550464e-01
   5.43003781887387e-01
   9.01017908680584e-01
   1.44873854011846e+00
   2.25280682527693e+00
   3.38397811194787e+00
   4.90820936115511e+00
   6.87599312688817e+00
   9.31221354524945e+00
   1.22090288273630e+01
   1.55236439660968e+01
   1.91815512582007e+01
   2.30843887924229e+01
   2.71205271367937e+01
   3.11761345678298e+01
   3.51447779618139e+01
   3.89343430894665e+01
   4.24709001928129e+01
   4.56998497867899e+01
   4.85850780059482e+01
   5.11067158414267e+01
   5.32574080558673e+01
   5.50367856100902e+01
   5.64455548198989e+01
   5.74823520832223e+01
   5.81442058597033e+01
   5.84258828171553e+01
   0.00000000000000e+00
  -3.56428641402912e-04
   1.69355378716305e-04
   2.50765140910592e-04
   5.07973576801143e-04
   1.02296984947264e-03
   1.96378221661520e-03
   3.72704796510230e-03
   7.02370696370757e-03
   1.31738904539218e-02
   2.45666307071237e-02
   4.54194370142907e-02
   8.29381252417080e-02
   1.48952423040472e-01
   2.61986938454876e-01
   4.49503275249059e-01
   7.49741493194416e-01
   1.21228964939886e+00
   1.89640747990052e+00
   2.86640341569612e+00
   4.18408628304334e+00
   5.89930926315444e+00
   8.04051423876132e+00
   1.06075355615031e+01
   1.35685118783376e+01
   1.68617007044787e+01
   2.04017075901720e+01
   2.40886080719338e+01
   2.78179756627740e+01
   3.14899785968246e+01
   3.50162971460832e+01
   3.83243871067013e+01
   4.13593626149961e+01
   4.40843127603993e+01
   4.64797558316314e+01
   4.85413167207140e+01
   5.02723645388172e+01
   5.16714321329213e+01
   5.27241690339159e+01
   5.34083233937599e+01
   5.37031058196772e+01
   0.00000000000000e+00
   4.13038824275983e-04
   3.01926329954769e-06
   1.88595266841652e-04
   4.18008324638571e-04
   8.15545160211867e-04
   1.57359876581094e-03
   2.98631445518606e-03
   5.63229146367656e-03
   1.05748996419744e-02
   1.97468727010752e-02
   3.65719723046006e-02
   6.69251305467877e-02
   1.20501601817159e-01
   2.12576844258758e-01
   3.65959671780903e-01
   6.12679848468844e-01
   9.94685808972154e-01
   1.56270627714388e+00
   2.37261401566676e+00
   3.47920313833997e+00
   4.92813114055785e+00
   6.74758290553445e+00
   8.94159903743390e+00
   1.14867603286062e+01
   1.43330752506449e+01
   1.74088223766517e+01
   2.06281483765522e+01
   2.38997424053509e+01
   2.71349507806393e+01
   3.02541702520616e+01
   3.31910342556430e+01
   3.58946738636335e+01
   3.83310852193852e+01
   4.04850027690026e+01
   4.23617770811593e+01
   4.39816660792618e+01
   4.53542488255876e+01
   4.64467454563443e+01
   4.71903680190579e+01
   4.75186281568830e+01
   0.00000000000000e+00
  -3.84180220533787e-04
   1.42307888675843e-04
   1.50725857739768e-04
   3.09645840299801e-04
   6.25243332304407e-04
   1.20072139351721e-03
   2.28034544764538e-03
   4.30303099712394e-03
   8.08402434640852e-03
   1.51090685024221e-02
   2.80130818975012e-02
   5.13328287194827e-02
   9.25768879390361e-02
   1.63623758677964e-01
   2.82287772593310e-01
   4.73718869053834e-01
   7.71055818016660e-01
   1.21466879349404e+00
   1.84942168309965e+00
   2.71984523447866e+00
   3.86374552544600e+00
   5.30546077675214e+00
   7.05029931617274e+00
   9.08157144231107e+00
   1.13609552540730e+01
   1.38321021465498e+01
   1.64265626644117e+01
   1.90707321976080e+01
   2.16924601901904e+01
   2.42263832613124e+01
   2.66175270647796e+01
   2.88234999307645e+01
   3.08163857012698e+01
   3.25866430575830e+01
   3.41510668429173e+01
   3.55592047828507e+01
   3.68671904095660e+01
   3.80477123265557e+01
   3.89401981457590e+01
   3.93574880111359e+01
   0.00000000000000e+00
   4.14470857375461e-04
  -4.81363417531382e-05
   1.04013571108215e-04
   2.17005426735867e-04
   4.26225072447195e-04
   8.19538590777894e-04
   1.55946872601869e-03
   2.93989827520108e-03
   5.52872630180168e-03
   1.03343519109010e-02
   1.91753650373146e-02
   3.51600120900988e-02
   6.34683046842506e-02
   1.12285585433701e-01
   1.93942315884042e-01
   3.25869469972435e-01
   5.31133717244408e-01
   8.37917874853660e-01
   1.27771259798289e+00
   1.88194364154300e+00
   2.67756783409953e+00
   3.68227103397731e+00
   4.90054915010684e+00
   6.32145225471755e+00
   7.91878066612373e+00
   9.65343680544383e+00
   1.14775974774589e+01
   1.33394898287520e+01
   1.51881610554888e+01
   1.69771830350301e+01
   1.86673951748292e+01
   2.02284581685486e+01
   2.16407156032184e+01
   2.28991313938360e+01
   2.40241222207177e+01
   2.50823102934171e+01
   2.61999729736921e+01
   2.74643163772182e+01
   2.86461815241977e+01
   2.92595511997168e+01
   0.00000000000000e+00
  -3.77032840277349e-04
   1.13856418111947e-04
   4.79465495799037e-05
   1.17051837750511e-04
   2.32395785171347e-04
   4.49526744826413e-04
   8.50614030306055e-04
   1.60907823486740e-03
   3.02099223904168e-03
   5.65344180164932e-03
   1.04869965607429e-02
   1.92403464677779e-02
   3.47381741782104e-02
   6.14887469661269e-02
   1.06249329491105e-01
   1.78623508687597e-01
   2.91296683282236e-01
   4.59831850674128e-01
   7.01612357643751e-01
   1.03406848239340e+00
   1.47217040458333e+00
   2.02585544132872e+00
   2.69775585159045e+00
   3.48202279539683e+00
   4.36430288260716e+00
   5.32312464469601e+00
   6.33206928499133e+00
   7.36253789708404e+00
   8.38625330206674e+00
   9.37747812427128e+00
   1.03143839919781e+01
   1.11801289342230e+01
   1.19637876267605e+01
   1.26631319172205e+01
   1.32920885843020e+01
   1.39004028806856e+01
   1.46149399846484e+01
   1.56821864073623e+01
   1.71690662770773e+01
   1.81770567635202e+01
   0.00000000000000e+00
   3.22972539957857e-04
  -6.98642588526872e-05
   2.02727000482457e-05
   4.74648031141956e-05
   6.68474971339096e-05
   1.57712572080781e-04
   2.70635488954557e-04
   5.39630869632625e-04
   9.85721560821435e-04
   1.87217129313269e-03
   3.44568250616642e-03
   6.34971810757389e-03
   1.14378450629357e-02
   2.02758486444341e-02
   3.50118931849104e-02
   5.88980899782736e-02
   9.60355680194255e-02
   1.51653515276018e-01
   2.31401093708899e-01
   3.41140730574606e-01
   4.85721032184489e-01
   6.68551359151417e-01
   8.90394287510940e-01
   1.14946622330855e+00
   1.44089274116131e+00
   1.75774986614744e+00
   2.09113384928605e+00
   2.43179370264795e+00
   2.77015394973999e+00
   3.09795524631528e+00
   3.40768395616707e+00
   3.69408894958883e+00
   3.95320520326807e+00
   4.18470496204514e+00
   4.39318411024789e+00
   4.59649468100121e+00
   4.84629913289402e+00
   5.27995976135608e+00
   6.30687269481524e+00
   7.69838638356068e+00
   0.00000000000000e+00
   0.00000000000000e+00
   0.00000000000000e+00
   0.00000000000000e+00
   0.00000000000000e+00
   0.00000000000000e+00
   0.00000000000000e+00
   0.00000000000000e+00
   0.00000000000000e+00
   0.00000000000000e+00
   0.00000000000000e+00
   0.00000000000000e+00
   0.00000000000000e+00
   0.00000000000000e+00
   0.00000000000000e+00
   0.00000000000000e+00
   0.00000000000000e+00
   0.00000000000000e+00
   0.00000000000000e+00
   0.00000000000000e+00
   0.00000000000000e+00
   0.00000000000000e+00
   0.00000000000000e+00
   0.00000000000000e+00
   0.00000000000000e+00
   0.00000000000000e+00
   0.00000000000000e+00
   0.00000000000000e+00
   0.00000000000000e+00
   0.00000000000000e+00
   0.00000000000000e+00
   0.00000000000000e+00
   0.00000000000000e+00
   0.00000000000000e+00
   0.00000000000000e+00
   0.00000000000000e+00
   0.00000000000000e+00
   0.00000000000000e+00
   0.00000000000000e+00
   0.00000000000000e+00
  -2.15282235798105e-01
