   1.00000000000000e+02
   1.00000000000000e+02
   1.00000000000000e+02
   1.00000000000000e+02
   1.00000000000000e+02
   1.00000000000000e+02
   1.00000000000000e+02
   1.00000000000000e+02
   1.00000000000000e+02
   1.00000000000000e+02
   1.00000000000000e+02
   1.00000000000000e+02
   1.00000000000000e+02
   1.00000000000000e+02
   1.00000000000000e+02
   1.00000000000000e+02
   1.00000000000000e+02
   1.00000000000000e+02
   1.00000000000000e+02
   1.00000000000000e+02
   1.00000000000000e+02
   1.00000000000000e+02
   1.00000000000000e+02
   1.00000000000000e+02
   1.00000000000000e+02
   1.00000000000000e+02
   1.00000000000000e+02
   1.00000000000000e+02
   1.00000000000000e+02
   1.00000000000000e+02
   1.00000000000000e+02
   1.00000000000000e+02
   1.00000000000000e+02
   1.00000000000000e+02
   1.00000000000000e+02
   1.00000000000000e+02
   1.00000000000000e+02
   1.00000000000000e+02
   1.00000000000000e+02
   1.00000000000000e+02
   1.00000000000000e+02
   8.88246235403718e+01
   9.55602611487943e+01
   9.91868844099888e+01
   9.97813200372924e+01
   9.99285766925499e+01
   9.99644062596855e+01
   9.99851821698953e+01
   9.99903658891531e+01
   9.99958704246431e+01
   9.99967175566809e+01
   9.99987512215271e+01
   9.99987135461038e+01
   9.99996534637366e+01
   9.99994302826813e+01
   9.99999497423456e+01
   9.99997110525590e+01
   1.00000043934389e+02
   9.99998296782953e+01
   1.00000069257889e+02
   9.99998840705398e+01
   1.00000071935062e+02
   9.99999113727988e+01
   1.00000068157023e+02
   9.99999263142033e+01
   1.00000063460711e+02
   9.99999349897233e+01
   1.00000059620964e+02
   9.99999400336379e+01
   1.00000057139931e+02
   9.99999426177871e+01
   1.00000056144090e+02
   9.99999432459224e+01
   1.00000056691229e+02
   9.99999421142818e+01
   1.00000058779093e+02
   9.99999395189243e+01
   1.00000061685512e+02
   9.99999385692940e+01
   1.00000047091813e+02
   1.00000010137695e+02
   1.00000000000000e+02
   9.73441892694097e+01
   9.72206653315458e+01
   9.83955640551288e+01
   9.93666254405867e+01
   9.97400804126206e+01
   9.98826352975061e+01
   9.99404791652357e+01
   9.99686237161830e+01
   9.99821195117460e+01
   9.99898964639726e+01
   9.99938635354044e+01
   9.99964489403994e+01
   9.99977398676615e+01
   9.99987014754838e+01
   9.99991274757108e+01
   9.99995195008931e+01
   9.99996471129607e+01
   9.99998248955407e+01
   9.99998477957885e+01
   9.99999405582817e+01
   9.99999276068015e+01
   9.99999846959239e+01
   9.99999604982424e+01
   1.00000001590652e+02
   9.99999746708025e+01
   1.00000008067455e+02
   9.99999810709711e+01
   1.00000010603424e+02
   9.99999840264363e+01
   1.00000011742767e+02
   9.99999852724855e+01
   1.00000012532463e+02
   9.99999854929805e+01
   1.00000013460399e+02
   9.99999849365886e+01
   1.00000014796721e+02
   9.99999837049079e+01
   1.00000015943044e+02
   9.99999956971429e+01
   9.99999470055867e+01
   1.00000000000000e+02
   9.85002591688519e+01
   9.85315699424257e+01
   9.86672305429997e+01
   9.91088827837982e+01
   9.95171295052388e+01
   9.97491379378927e+01
   9.98666503262794e+01
   9.99263457258847e+01
   9.99580746257698e+01
   9.99754916436034e+01
   9.99854394157650e+01
   9.99912086182636e+01
   9.99946539964343e+01
   9.99967106221385e+01
   9.99979727620868e+01
   9.99987352839241e+01
   9.99992133081420e+01
   9.99995020989648e+01
   9.99996878665646e+01
   9.99997985499825e+01
   9.99998729098472e+01
   9.99999154901478e+01
   9.99999466072275e+01
   9.99999627519046e+01
   9.99999767558904e+01
   9.99999824414646e+01
   9.99999895261064e+01
   9.99999909405110e+01
   9.99999951897300e+01
   9.99999947353200e+01
   9.99999978736811e+01
   9.99999964443042e+01
   9.99999993032414e+01
   9.99999971408613e+01
   1.00000000279002e+02
   9.99999972659668e+01
   1.00000001475315e+02
   9.99999969411009e+01
   9.99999910110907e+01
   1.00000066935929e+02
   1.00000000000000e+02
   9.91442781030294e+01
   9.90875401260019e+01
   9.90726964382692e+01
   9.91746118687355e+01
   9.93948347015998e+01
   9.96149308000780e+01
   9.97694119178311e+01
   9.98638401584089e+01
   9.99192122798312e+01
   9.99516016736407e+01
   9.99707194595886e+01
   9.99821360278454e+01
   9.99890261889217e+01
   9.99932190826185e+01
   9.99957896972304e+01
   9.99973724843914e+01
   9.99983532152529e+01
   9.99989616470448e+01
   9.99993422203935e+01
   9.99995797359741e+01
   9.99997300888876e+01
   9.99998244257943e+01
   9.99998852353144e+01
   9.99999235189569e+01
   9.99999489175565e+01
   9.99999648622539e+01
   9.99999759352384e+01
   9.99999827717788e+01
   9.99999878618852e+01
   9.99999908886389e+01
   9.99999933600582e+01
   9.99999947695156e+01
   9.99999960011996e+01
   9.99999967753040e+01
   9.99999973416498e+01
   9.99999980664044e+01
   9.99999979411749e+01
   9.99999997950712e+01
   1.00000009284728e+02
   9.99999319231040e+01
   1.00000000000000e+02
   9.94087238454777e+01
   9.93966596974709e+01
   9.93565841198468e+01
   9.93479665442849e+01
   9.94141968051928e+01
   9.95427302234357e+01
   9.96800585864012e+01
   9.97900281576085e+01
   9.98664627993487e+01
   9.99162037710168e+01
   9.99476677091034e+01
   9.99673456690148e+01
   9.99796075015182e+01
   9.99872439881438e+01
   9.99920034027726e+01
   9.99949736052714e+01
   9.99968299848527e+01
   9.99979926639715e+01
   9.99987224072027e+01
   9.99991819985869e+01
   9.99994723414266e+01
   9.99996567928308e+01
   9.99997744540194e+01
   9.99998501634840e+01
   9.99998991034320e+01
   9.99999311454487e+01
   9.99999522071276e+01
   9.99999662984725e+01
   9.99999757486017e+01
   9.99999822219323e+01
   9.99999866763155e+01
   9.99999897804649e+01
   9.99999920220413e+01
   9.99999935775239e+01
   9.99999948922654e+01
   9.99999957868123e+01
   9.99999972246296e+01
   9.99999969667494e+01
   9.99999894972797e+01
   1.00000065901106e+02
   1.00000000000000e+02
   9.96027614885540e+01
   9.95787307254380e+01
   9.95446158775962e+01
   9.95104639601276e+01
   9.95049155583091e+01
   9.95485225115154e+01
   9.96316442679051e+01
   9.97257313359122e+01
   9.98082614520898e+01
   9.98711521307405e+01
   9.99154459718191e+01
   9.99452928619479e+01
   9.99648988256803e+01
   9.99775872818873e+01
   9.99857237159133e+01
   9.99909128569574e+01
   9.99942108634110e+01
   9.99963040243582e+01
   9.99976317499077e+01
   9.99984751594892e+01
   9.99990117681628e+01
   9.99993546465320e+01
   9.99995744654102e+01
   9.99997164758170e+01
   9.99998086068773e+01
   9.99998691094565e+01
   9.99999089644256e+01
   9.99999357246779e+01
   9.99999536445411e+01
   9.99999660323676e+01
   9.99999744361816e+01
   9.99999804846263e+01
   9.99999846024760e+01
   9.99999878000997e+01
   9.99999900280486e+01
   9.99999921687701e+01
   9.99999935970308e+01
   9.99999968585664e+01
   1.00000006480063e+02
   9.99999347691559e+01
   1.00000000000000e+02
   9.97094255418305e+01
   9.97011344966555e+01
   9.96732966947292e+01
   9.96375968173115e+01
   9.96082211832109e+01
   9.96031106858036e+01
   9.96327296919499e+01
   9.96904885914605e+01
   9.97592363039830e+01
   9.98237433925172e+01
   9.98764020972772e+01
   9.99158521124551e+01
   9.99438502127641e+01
   9.99630360877828e+01
   9.99758831218949e+01
   9.99843516123423e+01
   9.99898757697032e+01
   9.99934536749373e+01
   9.99957615835906e+01
   9.99972468198218e+01
   9.99982028241573e+01
   9.99988188012497e+01
   9.99992172315886e+01
   9.99994758524244e+01
   9.99996450020268e+01
   9.99997561821239e+01
   9.99998301357303e+01
   9.99998795455227e+01
   9.99999131539119e+01
   9.99999360116785e+01
   9.99999520012440e+01
   9.99999630497575e+01
   9.99999710876258e+01
   9.99999767674362e+01
   9.99999813228840e+01
   9.99999849320468e+01
   9.99999889052499e+01
   9.99999911346387e+01
   9.99999874599926e+01
   1.00000061569099e+02
   1.00000000000000e+02
   9.97946836636992e+01
   9.97828476654013e+01
   9.97624473476485e+01
   9.97326063200198e+01
   9.96994137424306e+01
   9.96741045942686e+01
   9.96688451109168e+01
   9.96896572689290e+01
   9.97320118753192e+01
   9.97846720015075e+01
   9.98367202322976e+01
   9.98815314104354e+01
   9.99168015306093e+01
   9.99429393944835e+01
   9.99615226129933e+01
   9.99743579714561e+01
   9.99830433372366e+01
   9.99888369052626e+01
   9.99926630751293e+01
   9.99951741405097e+01
   9.99968160019139e+01
   9.99978885837874e+01
   9.99985897218017e+01
   9.99990495981006e+01
   9.99993523992442e+01
   9.99995532103611e+01
   9.99996871807779e+01
   9.99997775429267e+01
   9.99998388803079e+01
   9.99998811613027e+01
   9.99999104159900e+01
   9.99999311227478e+01
   9.99999457602619e+01
   9.99999566149223e+01
   9.99999648049547e+01
   9.99999719050743e+01
   9.99999781772617e+01
   9.99999864137488e+01
   9.99999999027486e+01
   9.99999354842935e+01
   1.00000000000000e+02
   9.98442195138098e+01
   9.98398741380634e+01
   9.98246262552630e+01
   9.98012364146813e+01
   9.97719815524250e+01
   9.97420904176554e+01
   9.97202110399868e+01
   9.97149486277687e+01
   9.97301458269284e+01
   9.97625964850533e+01
   9.98044508922294e+01
   9.98475414888539e+01
   9.98862331802525e+01
   9.99179346692621e+01
   9.99423021631893e+01
   9.99601972771492e+01
   9.99729136339468e+01
   9.99817361129267e+01
   9.99877528071576e+01
   9.99918064221595e+01
   9.99945158165839e+01
   9.99963180470813e+01
   9.99975147791329e+01
   9.99983096925202e+01
   9.99988392821333e+01
   9.99991935438750e+01
   9.99994321508999e+01
   9.99995939200807e+01
   9.99997047198321e+01
   9.99997811775152e+01
   9.99998346580324e+01
   9.99998723116777e+01
   9.99998993935803e+01
   9.99999191461856e+01
   9.99999345192165e+01
   9.99999474135866e+01
   9.99999601802948e+01
   9.99999714284485e+01
   9.99999773055542e+01
   1.00000056259278e+02
   1.00000000000000e+02
   9.98819123456028e+01
   9.98759700415548e+01
   9.98654849274902e+01
   9.98484953054129e+01
   9.98253146207118e+01
   9.97982096767467e+01
   9.97718550946095e+01
   9.97530725105099e+01
   9.97481924984636e+01
   9.97598610857766e+01
   9.97857308068842e+01
   9.98200508172478e+01
   9.98565170036050e+01
   9.98903703205570e+01
   9.99190364710579e+01
   9.99417674228090e+01
   9.99589465923102e+01
   9.99714776387012e+01
   9.99803813002209e+01
   9.99865875278772e+01
   9.99908545812294e+01
   9.99937615692665e+01
   9.99957308589235e+01
   9.99970617796114e+01
   9.99979612926800e+01
   9.99985708704886e+01
   9.99989856686231e+01
   9.99992697839721e+01
   9.99994657144365e+01
   9.99996021284908e+01
   9.99996978611412e+01
   9.99997659045458e+01
   9.99998147749415e+01
   9.99998508997710e+01
   9.99998788097148e+01
   9.99999027230535e+01
   9.99999252639082e+01
   9.99999502716427e+01
   9.99999797220125e+01
   9.99999298703693e+01
   1.00000000000000e+02
   9.98966772699193e+01
   9.98950602898931e+01
   9.98880709360955e+01
   9.98764873685052e+01
   9.98599233431361e+01
   9.98386264082768e+01
   9.98146410538832e+01
   9.97920545703532e+01
   9.97763511899553e+01
   9.97723462533352e+01
   9.97819645298858e+01
   9.98034360939713e+01
   9.98324005963663e+01
   9.98638845662892e+01
   9.98938793302620e+01
   9.99199706617086e+01
   9.99412162345544e+01
   9.99576867248528e+01
   9.99699935921990e+01
   9.99789387762338e+01
   9.99853092097396e+01
   9.99897796527648e+01
   9.99928855975933e+01
   9.99950301772691e+01
   9.99965068176383e+01
   9.99975233402242e+01
   9.99982248151628e+01
   9.99987108381710e+01
   9.99990496863554e+01
   9.99992875142627e+01
   9.99994559409471e+01
   9.99995762330148e+01
   9.99996634042238e+01
   9.99997279462121e+01
   9.99997783975160e+01
   9.99998215982664e+01
   9.99998637275981e+01
   9.99999053284091e+01
   9.99999413854845e+01
   1.00000044302127e+02
   1.00000000000000e+02
   9.98969527624232e+01
   9.98946226286955e+01
   9.98911565635453e+01
   9.98848527746068e+01
   9.98748653418063e+01
   9.98607420352907e+01
   9.98427821916969e+01
   9.98228415257183e+01
   9.98044595851555e+01
   9.97921121005478e+01
   9.97895667971619e+01
   9.97982889851521e+01
   9.98169222637504e+01
   9.98420876853099e+01
   9.98698098613161e+01
   9.98967235440778e+01
   9.99206420346234e+01
   9.99405594631182e+01
   9.99563511659192e+01
   9.99684142005435e+01
   9.99773727424140e+01
   9.99838874262957e+01
   9.99885531591291e+01
   9.99918599741368e+01
   9.99941883811372e+01
   9.99958228067909e+01
   9.99969696221818e+01
   9.99977760383800e+01
   9.99983452571610e+01
   9.99987493780045e+01
   9.99990381384936e+01
   9.99992463089648e+01
   9.99993980839759e+01
   9.99995114994856e+01
   9.99996005980171e+01
   9.99996778033235e+01
   9.99997525603884e+01
   9.99998319682733e+01
   9.99999148833847e+01
   9.99999077243467e+01
   1.00000000000000e+02
   9.98694065438325e+01
   9.98703186560973e+01
   9.98702366281242e+01
   9.98692744700169e+01
   9.98664347804021e+01
   9.98605767641548e+01
   9.98510451173810e+01
   9.98380840878327e+01
   9.98233536592551e+01
   9.98099154783069e+01
   9.98014819282398e+01
   9.98010875092496e+01
   9.98099093236482e+01
   9.98269182596747e+01
   9.98494761864526e+01
   9.98743947050092e+01
   9.98988697375123e+01
   9.99209741623728e+01
   9.99397231403551e+01
   9.99548820245161e+01
   9.99666960405764e+01
   9.99756484328956e+01
   9.99822909959652e+01
   9.99871444860237e+01
   9.99906533963610e+01
   9.99931733244256e+01
   9.99949771052101e+01
   9.99962674864325e+01
   9.99971923005252e+01
   9.99978574063135e+01
   9.99983382870831e+01
   9.99986882814221e+01
   9.99989459592985e+01
   9.99991399926599e+01
   9.99992940666493e+01
   9.99994287134333e+01
   9.99995613660527e+01
   9.99996977788045e+01
   9.99998276914987e+01
   1.00000008514038e+02
   1.00000000000000e+02
   9.98094141407807e+01
   9.98107482977755e+01
   9.98150824015761e+01
   9.98207725584077e+01
   9.98264901460894e+01
   9.98307894441396e+01
   9.98322392680035e+01
   9.98299679711637e+01
   9.98241075642579e+01
   9.98161312748991e+01
   9.98087177479538e+01
   9.98050241580726e+01
   9.98075915712982e+01
   9.98174455922042e+01
   9.98338529072444e+01
   9.98547780188830e+01
   9.98776864578564e+01
   9.99002761923416e+01
   9.99208957472132e+01
   9.99386384863948e+01
   9.99532235413039e+01
   9.99647953495510e+01
   9.99737292741328e+01
   9.99804859740592e+01
   9.99855193704915e+01
   9.99892299176073e+01
   9.99919471068145e+01
   9.99939301655645e+01
   9.99953762601718e+01
   9.99964323400030e+01
   9.99972059771067e+01
   9.99977758235822e+01
   9.99981996491144e+01
   9.99985222709006e+01
   9.99987811310366e+01
   9.99990103325106e+01
   9.99992375591538e+01
   9.99994781846366e+01
   9.99997212281901e+01
   9.99998412800135e+01
   1.00000000000000e+02
   9.96937546533321e+01
   9.96988720189004e+01
   9.97090326070254e+01
   9.97236105928234e+01
   9.97408809559613e+01
   9.97587129757374e+01
   9.97749873551332e+01
   9.97878597595396e+01
   9.97962236718431e+01
   9.98001023951549e+01
   9.98008408395327e+01
   9.98008646650502e+01
   9.98029770465330e+01
   9.98094344773696e+01
   9.98212393379307e+01
   9.98379625659809e+01
   9.98580989053927e+01
   9.98796868678522e+01
   9.99008866852503e+01
   9.99203319463812e+01
   9.99372347451945e+01
   9.99513169058082e+01
   9.99626643090823e+01
   9.99715741425317e+01
   9.99784335599708e+01
   9.99836382305015e+01
   9.99875475005670e+01
   9.99904646668051e+01
   9.99926340104237e+01
   9.99942455234311e+01
   9.99954440437937e+01
   9.99963384916233e+01
   9.99970119609105e+01
   9.99975305534885e+01
   9.99979522521109e+01
   9.99983307709382e+01
   9.99987117836322e+01
   9.99991130101382e+01
   9.99995067996745e+01
   9.99999063029675e+01
   1.00000000000000e+02
   9.94998196616156e+01
   9.95076267795911e+01
   9.95264163966088e+01
   9.95538831537430e+01
   9.95875509249982e+01
   9.96245178104765e+01
   9.96616605917650e+01
   9.96960831071253e+01
   9.97254844302319e+01
   9.97485657434107e+01
   9.97653249925334e+01
   9.97771043109998e+01
   9.97862497678888e+01
   9.97954212216894e+01
   9.98067902668634e+01
   9.98214661788039e+01
   9.98393610642994e+01
   9.98594705460223e+01
   9.98803602446060e+01
   9.99006277851691e+01
   9.99191986954117e+01
   9.99354337485696e+01
   9.99490957944977e+01
   9.99602474565521e+01
   9.99691344393905e+01
   9.99760876778277e+01
   9.99814541216664e+01
   9.99855562114979e+01
   9.99886720741732e+01
   9.99910305517115e+01
   9.99928136471595e+01
   9.99941641068362e+01
   9.99951945061806e+01
   9.99959987585789e+01
   9.99966623061597e+01
   9.99972677670113e+01
   9.99978848103712e+01
   9.99985457801992e+01
   9.99992101314862e+01
   9.99996681184076e+01
   1.00000000000000e+02
   9.91866220681575e+01
   9.92007382002070e+01
   9.92318461746900e+01
   9.92778493595839e+01
   9.93352111473769e+01
   9.93996569431698e+01
   9.94667036750698e+01
   9.95320350908159e+01
   9.95919598537173e+01
   9.96437978326977e+01
   9.96862039614973e+01
   9.97193273932388e+01
   9.97447042052858e+01
   9.97648170040515e+01
   9.97824062206856e+01
   9.97997556945068e+01
   9.98182140253269e+01
   9.98380891499396e+01
   9.98588750636768e+01
   9.98796412674280e+01
   9.98994082193589e+01
   9.99173989758653e+01
   9.99331455908121e+01
   9.99464822750599e+01
   9.99574779713645e+01
   9.99663507535867e+01
   9.99733919979778e+01
   9.99789100911751e+01
   9.99831958716127e+01
   9.99865045250587e+01
   9.99890503526487e+01
   9.99910088234008e+01
   9.99925251282505e+01
   9.99937259875231e+01
   9.99947333421092e+01
   9.99956689798532e+01
   9.99966383688274e+01
   9.99976809436712e+01
   9.99987199735631e+01
   9.99996525673503e+01
   1.00000000000000e+02
   9.87099427494032e+01
   9.87309097712280e+01
   9.87796059618276e+01
   9.88519376406658e+01
   9.89428377926651e+01
   9.90462717584943e+01
   9.91557613361676e+01
   9.92650463735171e+01
   9.93685975905586e+01
   9.94620689883210e+01
   9.95426275755003e+01
   9.96091459109100e+01
   9.96621902159386e+01
   9.97037470849563e+01
   9.97366824594987e+01
   9.97640470260186e+01
   9.97884275418736e+01
   9.98115407366003e+01
   9.98341519180964e+01
   9.98562649465088e+01
   9.98774427246963e+01
   9.98971197201811e+01
   9.99148204861660e+01
   9.99302650905007e+01
   9.99433828829459e+01
   9.99542736718923e+01
   9.99631489255807e+01
   9.99702761840187e+01
   9.99759357402789e+01
   9.99803932123403e+01
   9.99838849416150e+01
   9.99866151266655e+01
   9.99887612583924e+01
   9.99904879975359e+01
   9.99919625051220e+01
   9.99933591378813e+01
   9.99948291369334e+01
   9.99964316312277e+01
   9.99980492129726e+01
   9.99992780922469e+01
   1.00000000000000e+02
   9.80113800579990e+01
   9.80434542054733e+01
   9.81159723177380e+01
   9.82241999256550e+01
   9.83610892562992e+01
   9.85181323113484e+01
   9.86862391595053e+01
   9.88564970687679e+01
   9.90209089740562e+01
   9.91729474379297e+01
   9.93079421538397e+01
   9.94232810559668e+01
   9.95184208348833e+01
   9.95946757884939e+01
   9.96547737080119e+01
   9.97022192768565e+01
   9.97405933651589e+01
   9.97729592649232e+01
   9.98015174578464e+01
   9.98275482594125e+01
   9.98515801014055e+01
   9.98736633564302e+01
   9.98936390678286e+01
   9.99113344610490e+01
   9.99266689071586e+01
   9.99396847985929e+01
   9.99505326416120e+01
   9.99594353948255e+01
   9.99666512734544e+01
   9.99724432201199e+01
   9.99770599642991e+01
   9.99807279829900e+01
   9.99836561956047e+01
   9.99860507713158e+01
   9.99881347798378e+01
   9.99901495586508e+01
   9.99923078472283e+01
   9.99946785885272e+01
   9.99970680711265e+01
   9.99991160149408e+01
   1.00000000000000e+02
   9.70346209802358e+01
   9.70795998694145e+01
   9.71833098444638e+01
   9.73385483292303e+01
   9.75358480089672e+01
   9.77637480899805e+01
   9.80098042944400e+01
   9.82617094828491e+01
   9.85082303668316e+01
   9.87399659931773e+01
   9.89498459544976e+01
   9.91333783353973e+01
   9.92886577700699e+01
   9.94161534038003e+01
   9.95182834564642e+01
   9.95988063630482e+01
   9.96621018910718e+01
   9.97124718467635e+01
   9.97535992882829e+01
   9.97882603159206e+01
   9.98182941225501e+01
   9.98447627162048e+01
   9.98681958317389e+01
   9.98888311750700e+01
   9.99067955445096e+01
   9.99222133101103e+01
   9.99352521625830e+01
   9.99461285235978e+01
   9.99550919447664e+01
   9.99624047756708e+01
   9.99683249394739e+01
   9.99730987924980e+01
   9.99769662232842e+01
   9.99801806450402e+01
   9.99830324978346e+01
   9.99858481315833e+01
   9.99889153589694e+01
   9.99923245091145e+01
   9.99957900869126e+01
   9.99985223378776e+01
   1.00000000000000e+02
   9.57223193712585e+01
   9.57846792769075e+01
   9.59270825892795e+01
   9.61410037129642e+01
   9.64141880073000e+01
   9.67316515877155e+01
   9.70770196832496e+01
   9.74338413559330e+01
   9.77868535526247e+01
   9.81229803223076e+01
   9.84320252792795e+01
   9.87070227429712e+01
   9.89442760529394e+01
   9.91431235418448e+01
   9.93054810508401e+01
   9.94352038750352e+01
   9.95373316697058e+01
   9.96173089758420e+01
   9.96803013921799e+01
   9.97307120960030e+01
   9.97719516488575e+01
   9.98064403027677e+01
   9.98357701231184e+01
   9.98609347747488e+01
   9.98825531043570e+01
   9.99010427075819e+01
   9.99167326985635e+01
   9.99299227177667e+01
   9.99409058669162e+01
   9.99499709574453e+01
   9.99573989724316e+01
   9.99634626865941e+01
   9.99684394499518e+01
   9.99726388130077e+01
   9.99764349331182e+01
   9.99802598444534e+01
   9.99844968392754e+01
   9.99892442563878e+01
   9.99940740407180e+01
   9.99981398554315e+01
   1.00000000000000e+02
   9.40337047798767e+01
   9.41154315580368e+01
   9.43038388387514e+01
   9.45876844077228e+01
   9.49517769096416e+01
   9.53773724371278e+01
   9.58436783835778e+01
   9.63295223209724e+01
   9.68148846732092e+01
   9.72822137524398e+01
   9.77173731381792e+01
   9.81101780814642e+01
   9.84545229822854e+01
   9.87481570183684e+01
   9.89921799129047e+01
   9.91903366317997e+01
   9.93481853715328e+01
   9.94722261298563e+01
   9.95690890019386e+01
   9.96448841528091e+01
   9.97047834549571e+01
   9.97528515277467e+01
   9.97920850296799e+01
   9.98245856057593e+01
   9.98517846682141e+01
   9.98746589120537e+01
   9.98939012593200e+01
   9.99100391217861e+01
   9.99235054075502e+01
   9.99346772634055e+01
   9.99438961889534e+01
   9.99514856004716e+01
   9.99577772704185e+01
   9.99631551503241e+01
   9.99680990853033e+01
   9.99731743997026e+01
   9.99788797290533e+01
   9.99853335486367e+01
   9.99919396159449e+01
   9.99972367086067e+01
   1.00000000000000e+02
   9.19443220934458e+01
   9.20489622998826e+01
   9.22892925481988e+01
   9.26525602510481e+01
   9.31206026874786e+01
   9.36708089426308e+01
   9.42778223380177e+01
   9.49153810346583e+01
   9.55581819517310e+01
   9.61835072793722e+01
   9.67724897975846e+01
   9.73109075059838e+01
   9.77894858600496e+01
   9.82037453650442e+01
   9.85534837292321e+01
   9.88419959225657e+01
   9.90751386114107e+01
   9.92603376439125e+01
   9.94056388162688e+01
   9.95188962219458e+01
   9.96071759942962e+01
   9.96764117945067e+01
   9.97313004304103e+01
   9.97753815422473e+01
   9.98112270048230e+01
   9.98406674198873e+01
   9.98650052238004e+01
   9.98851861298257e+01
   9.99019235693611e+01
   9.99157812954330e+01
   9.99272290401041e+01
   9.99366863500206e+01
   9.99445738766317e+01
   9.99513796363436e+01
   9.99577225259413e+01
   9.99643362867256e+01
   9.99718659743999e+01
   9.99804364259788e+01
   9.99892169540330e+01
   9.99965533465536e+01
   1.00000000000000e+02
   8.94594326918602e+01
   8.95877732759073e+01
   8.98842265083038e+01
   9.03336096615104e+01
   9.09151110329472e+01
   9.16025176854356e+01
   9.23660044086241e+01
   9.31742011200690e+01
   9.39962722693704e+01
   9.48038703932076e+01
   9.55727411956767e+01
   9.62838450315721e+01
   9.69239168707208e+01
   9.74854753888371e+01
   9.79663566746014e+01
   9.83688949165655e+01
   9.86988825753217e+01
   9.89644392963214e+01
   9.91749035594485e+01
   9.93398492598013e+01
   9.94683072666886e+01
   9.95682420270936e+01
   9.96462884824986e+01
   9.97077142323783e+01
   9.97565409439766e+01
   9.97957530054957e+01
   9.98275294026636e+01
   9.98534575881842e+01
   9.98747072267835e+01
   9.98921619646340e+01
   9.99065164703233e+01
   9.99183574638787e+01
   9.99282474868931e+01
   9.99368254075786e+01
   9.99448949236447e+01
   9.99534065907759e+01
   9.99631870365322e+01
   9.99743866354336e+01
   9.99859066405931e+01
   9.99952242208164e+01
   1.00000000000000e+02
   8.66092576888136e+01
   8.67628191011633e+01
   8.71170280360936e+01
   8.76556369107301e+01
   8.83555409777058e+01
   8.91873988060142e+01
   9.01173972751994e+01
   9.11093516932715e+01
   9.21269950901949e+01
   9.31361908724822e+01
   9.41068826842566e+01
   9.50145796311023e+01
   9.58412518260830e+01
   9.65755919783073e+01
   9.72126924538869e+01
   9.77532527943872e+01
   9.82024722507377e+01
   9.85687844803049e+01
   9.88625791088600e+01
   9.90950292821066e+01
   9.92771190601418e+01
   9.94189293361467e+01
   9.95292034169247e+01
   9.96151702987358e+01
   9.96825730424908e+01
   9.97358308479341e+01
   9.97782671400476e+01
   9.98123480232734e+01
   9.98398984586039e+01
   9.98622803614800e+01
   9.98805365769045e+01
   9.98955141598360e+01
   9.99079918465902e+01
   9.99188224666418e+01
   9.99290577286300e+01
   9.99399272154032e+01
   9.99524925246487e+01
   9.99669218614109e+01
   9.99817632326916e+01
   9.99941165992294e+01
   1.00000000000000e+02
   8.34534106076526e+01
   8.36309799109527e+01
   8.40422202900048e+01
   8.46692586138687e+01
   8.54874213737127e+01
   8.64649551958307e+01
   8.75647483308241e+01
   8.87464453203459e+01
   8.99687859085958e+01
   9.11920305369463e+01
   9.23802132436426e+01
   9.35030023600281e+01
   9.45369806255821e+01
   9.54662448006350e+01
   9.62823217801812e+01
   9.69834944546291e+01
   9.75736916194813e+01
   9.80611249640116e+01
   9.84568478424773e+01
   9.87733867140789e+01
   9.90235590159817e+01
   9.92195541853307e+01
   9.93723106262133e+01
   9.94911818953677e+01
   9.95838477517563e+01
   9.96564057504560e+01
   9.97135706328028e+01
   9.97589199654557e+01
   9.97951389682658e+01
   9.98242410439592e+01
   9.98477568110563e+01
   9.98669061028498e+01
   9.98827745041184e+01
   9.98965103324487e+01
   9.99094922296187e+01
   9.99233098340844e+01
   9.99393217505637e+01
   9.99577476678651e+01
   9.99767385852020e+01
   9.99921680604087e+01
   1.00000000000000e+02
   8.00691018495493e+01
   8.02699691789040e+01
   8.07349606708381e+01
   8.14460009705422e+01
   8.23773895578735e+01
   8.34958099258745e+01
   8.47617863064209e+01
   8.61316514137403e+01
   8.75598969312801e+01
   8.90016952645056e+01
   9.04153967992725e+01
   9.17647378709351e+01
   9.30205274382276e+01
   9.41616447106233e+01
   9.51752860527557e+01
   9.60565068114663e+01
   9.68071971864952e+01
   9.74346825522647e+01
   9.79501533587124e+01
   9.83671079223583e+01
   9.86999550409808e+01
   9.89628750146911e+01
   9.91689919423130e+01
   9.93298622669655e+01
   9.94552479351274e+01
   9.95531128943940e+01
   9.96297724074174e+01
   9.96901246752765e+01
   9.97379113063763e+01
   9.97759695259506e+01
   9.98064649935753e+01
   9.98311118404811e+01
   9.98514069516469e+01
   9.98688882196275e+01
   9.98853578204396e+01
   9.99028626438486e+01
   9.99231434372420e+01
   9.99464730961293e+01
   9.99704906299235e+01
   9.99904297650785e+01
   1.00000000000000e+02
   7.65475679249415e+01
   7.67687853548274e+01
   7.72824827580478e+01
   7.80699554672400e+01
   7.91053468158959e+01
   8.03546321490756e+01
   8.17769481026178e+01
   8.33263659874236e+01
   8.49540898244483e+01
   8.66109959340223e+01
   8.82502786892040e+01
   8.98299507221403e+01
   9.13149235355850e+01
   9.26784425226121e+01
   9.39027394273826e+01
   9.49788871167124e+01
   9.59059554889412e+01
   9.66896543866055e+01
   9.73406861289273e+01
   9.78730271828544e+01
   9.83023204442272e+01
   9.86445103237611e+01
   9.89147951735723e+01
   9.91269216049938e+01
   9.92927982982448e+01
   9.94223772217286e+01
   9.95237298477998e+01
   9.96032468539698e+01
   9.96658965316548e+01
   9.97154996016273e+01
   9.97549975679276e+01
   9.97867225729205e+01
   9.98126909420541e+01
   9.98349349092337e+01
   9.98557878525247e+01
   9.98778687937682e+01
   9.99033926916551e+01
   9.99327350856907e+01
   9.99629650767495e+01
   9.99875798021302e+01
   1.00000000000000e+02
   7.29762614498731e+01
   7.32156058505539e+01
   7.37713789183802e+01
   7.46255758975339e+01
   7.57526409788507e+01
   7.71187618564606e+01
   7.86827467138768e+01
   8.03975144398365e+01
   8.22120961563337e+01
   8.40740439710348e+01
   8.59321198031297e+01
   8.77390162496032e+01
   8.94538175255205e+01
   9.10439035269515e+01
   9.24860734343776e+01
   9.37667919833151e+01
   9.48816085916071e+01
   9.58339160951540e+01
   9.66332853144035e+01
   9.72936229811599e+01
   9.78313739396153e+01
   9.82639330699069e+01
   9.86083727226271e+01
   9.88805288962351e+01
   9.90944406993359e+01
   9.92620962128014e+01
   9.93934179924846e+01
   9.94964106619382e+01
   9.95774034025890e+01
   9.96413329136471e+01
   9.96920421158309e+01
   9.97325942507320e+01
   9.97656318565108e+01
   9.97937865915023e+01
   9.98200399666070e+01
   9.98477072370156e+01
   9.98795897771551e+01
   9.99161715938816e+01
   9.99537966170286e+01
   9.99849679619204e+01
   1.00000000000000e+02
   6.94244618090963e+01
   6.96781527492921e+01
   7.02687569161031e+01
   7.11785597875251e+01
   7.23832246334986e+01
   7.38500048025585e+01
   7.55384900131960e+01
   7.74016900886986e+01
   7.93876151497222e+01
   8.14414175859188e+01
   8.35080313024098e+01
   8.55351250564911e+01
   8.74760069171466e+01
   8.92920600701659e+01
   9.09543741458367e+01
   9.24444091260100e+01
   9.37537065259546e+01
   9.48828053673201e+01
   9.58396033916369e+01
   9.66374339837439e+01
   9.72931079668717e+01
   9.78251213456442e+01
   9.82521624936982e+01
   9.85919887328277e+01
   9.88606808683640e+01
   9.90722423021599e+01
   9.92384767554397e+01
   9.93690700864217e+01
   9.94718000243712e+01
   9.95528177090521e+01
   9.96169652904291e+01
   9.96681334911111e+01
   9.97096840418532e+01
   9.97449494557527e+01
   9.97776742521795e+01
   9.98120013148996e+01
   9.98514261669586e+01
   9.98965992241665e+01
   9.99430757809975e+01
   9.99809587304915e+01
   1.00000000000000e+02
   6.59061054457468e+01
   6.61714166067824e+01
   6.67892935314400e+01
   6.77437645831089e+01
   6.90123977479604e+01
   7.05649210608657e+01
   7.23631979372166e+01
   7.43615997394375e+01
   7.65078661223409e+01
   7.87448525388224e+01
   8.10133590621825e+01
   8.32556722928495e+01
   8.54191379882612e+01
   8.74591447967370e+01
   8.93411583796040e+01
   9.10416826300953e+01
   9.25481914884088e+01
   9.38581861309010e+01
   9.49776097672865e+01
   9.59188867716489e+01
   9.66988503152484e+01
   9.73367804394545e+01
   9.78527157524724e+01
   9.82661305112482e+01
   9.85950081880041e+01
   9.88552875020522e+01
   9.90606254873698e+01
   9.92223999983568e+01
   9.93498774234042e+01
   9.94504791175876e+01
   9.95301125424803e+01
   9.95935635697839e+01
   9.96449870088342e+01
   9.96884995265272e+01
   9.97287181717347e+01
   9.97707426920603e+01
   9.98188856539724e+01
   9.98739635326576e+01
   9.99305491053405e+01
   9.99773556020748e+01
   1.00000000000000e+02
   6.23300586998669e+01
   6.26037000725642e+01
   6.32429724134831e+01
   6.42342133312147e+01
   6.55593667146579e+01
   6.71930440776015e+01
   6.91013447028214e+01
   7.12403377521459e+01
   7.35558427733289e+01
   7.59857367769253e+01
   7.84643433730421e+01
   8.09273729436272e+01
   8.33161688110816e+01
   8.55808118642401e+01
   8.76820885479073e+01
   8.95924233950120e+01
   9.12958672454049e+01
   9.27872553732608e+01
   9.40707054112234e+01
   9.51576823308512e+01
   9.60648786709138e+01
   9.68121434673720e+01
   9.74206414415960e+01
   9.79113616636778e+01
   9.83040248076548e+01
   9.86163846026924e+01
   9.88638733512756e+01
   9.90595223716939e+01
   9.92140771573788e+01
   9.93362433864287e+01
   9.94330199356741e+01
   9.95101233932532e+01
   9.95725393262116e+01
   9.96252215040109e+01
   9.96737454992704e+01
   9.97243087317665e+01
   9.97821788509076e+01
   9.98484141163747e+01
   9.99165433709832e+01
   9.99721435229360e+01
   1.00000000000000e+02
   5.84258828171553e+01
   5.87078050309192e+01
   5.93686816632188e+01
   6.04018401549128e+01
   6.17985228023421e+01
   6.35427822230249e+01
   6.56050399368468e+01
   6.79372898143456e+01
   7.04746138226412e+01
   7.31424914939583e+01
   7.58651133162487e+01
   7.85713864301543e+01
   8.11984248823449e+01
   8.36934975443501e+01
   8.60151566823444e+01
   8.81337813972670e+01
   9.00315141362493e+01
   9.17015405671042e+01
   9.31467525504377e+01
   9.43779378165421e+01
   9.54117111355321e+01
   9.62684157097408e+01
   9.69701960766100e+01
   9.75393830890856e+01
   9.79972672604491e+01
   9.83632713328034e+01
   9.86544887922549e+01
   9.88855211396836e+01
   9.90685405693650e+01
   9.92135067681745e+01
   9.93284982191261e+01
   9.94201545684917e+01
   9.94942804816554e+01
   9.95566425194770e+01
   9.96137927046789e+01
   9.96731894094272e+01
   9.97413724020933e+01
   9.98197844289675e+01
   9.99006422527279e+01
   9.99675025930039e+01
   1.00000000000000e+02
   5.37031058196772e+01
   5.39993120140914e+01
   5.47019298501439e+01
   5.58203913512326e+01
   5.73663429261456e+01
   5.93346539704359e+01
   6.16856971921450e+01
   6.43442298253856e+01
   6.72162857242234e+01
   7.02075439757872e+01
   7.32329878965462e+01
   7.62194197474730e+01
   7.91051929457632e+01
   8.18396827590743e+01
   8.43831828207443e+01
   8.67070506617034e+01
   8.87937094164776e+01
   9.06361974034506e+01
   9.22371404934003e+01
   9.36071996981685e+01
   9.47631674109760e+01
   9.57259380542473e+01
   9.65185691475586e+01
   9.71646008507052e+01
   9.76867340801147e+01
   9.81059025033450e+01
   9.84407178217236e+01
   9.87072338123047e+01
   9.89189559111886e+01
   9.90870294932637e+01
   9.92205597012649e+01
   9.93270604825691e+01
   9.94130718214431e+01
   9.94850026419587e+01
   9.95501381291453e+01
   9.96172439453336e+01
   9.96949636239920e+01
   9.97862206919021e+01
   9.98818385131823e+01
   9.99607270678325e+01
   1.00000000000000e+02
   4.75186281568830e+01
   4.78545488558498e+01
   4.86689483526937e+01
   5.00112101444479e+01
   5.19224629339586e+01
   5.43784087055708e+01
   5.72737050141242e+01
   6.04659922813424e+01
   6.38226307925040e+01
   6.72374572139160e+01
   7.06285191642182e+01
   7.39313500056282e+01
   7.70937949464370e+01
   8.00733606524509e+01
   8.28364524253481e+01
   8.53585708299573e+01
   8.76246876594139e+01
   8.96292765284736e+01
   9.13757513026190e+01
   9.28752945424788e+01
   9.41452225910619e+01
   9.52071106774589e+01
   9.60849140598534e+01
   9.68032769236233e+01
   9.73861591127986e+01
   9.78558363140662e+01
   9.82322741596494e+01
   9.85328290990896e+01
   9.87722130129979e+01
   9.89626511889147e+01
   9.91141888362860e+01
   9.92351260835307e+01
   9.93325956495445e+01
   9.94132894103657e+01
   9.94843931746886e+01
   9.95549545354641e+01
   9.96368407448586e+01
   9.97391626649766e+01
   9.98537298174918e+01
   9.99513419688294e+01
   1.00000000000000e+02
   3.93574880111359e+01
   3.97949899862449e+01
   4.09017649099641e+01
   4.27997468931051e+01
   4.55103811231624e+01
   4.88613859444285e+01
   5.25997739072041e+01
   5.65164898733980e+01
   6.04715124317332e+01
   6.43749654626955e+01
   6.81662518384313e+01
   7.18006595485243e+01
   7.52422728527553e+01
   7.84611289980675e+01
   8.14327953341055e+01
   8.41391385203921e+01
   8.65693191748069e+01
   8.87204459044834e+01
   9.05975573308002e+01
   9.22129012007205e+01
   9.35846215164000e+01
   9.47350961300928e+01
   9.56891643596607e+01
   9.64724719519132e+01
   9.71100803649122e+01
   9.76254257477858e+01
   9.80396412911814e+01
   9.83712098909019e+01
   9.86358919393666e+01
   9.88468553050942e+01
   9.90149688000814e+01
   9.91492058497112e+01
   9.92571370466801e+01
   9.93453287904671e+01
   9.94195245461947e+01
   9.94854102904668e+01
   9.95540633438594e+01
   9.96509663451277e+01
   9.97904989831165e+01
   9.99299200133741e+01
   1.00000000000000e+02
   2.92595511997168e+01
   2.99423071314788e+01
   3.17413085389704e+01
   3.48224803241617e+01
   3.88938058929066e+01
   4.34629112271517e+01
   4.81849730153495e+01
   5.28744353985253e+01
   5.74364288066169e+01
   6.18203130557857e+01
   6.59961808326857e+01
   6.99427097248145e+01
   7.36418772268937e+01
   7.70771398237299e+01
   8.02339460968233e+01
   8.31011559089950e+01
   8.56727116808752e+01
   8.79488668970275e+01
   8.99366882710448e+01
   9.16497756212293e+01
   9.31072474981033e+01
   9.43323345600411e+01
   9.53506889549885e+01
   9.61888458188893e+01
   9.68727708129724e+01
   9.74268830660827e+01
   9.78732458356452e+01
   9.82313009133620e+01
   9.85176316824959e+01
   9.87462315974095e+01
   9.89285948151654e+01
   9.90743096774022e+01
   9.91911857542229e+01
   9.92855381019663e+01
   9.93607240107118e+01
   9.94147306033588e+01
   9.94411786313564e+01
   9.94623158701100e+01
   9.95930759679351e+01
   9.98419508981415e+01
   1.00000000000000e+02
   1.81770567635202e+01
   1.93903614199488e+01
   2.27100328085902e+01
   2.76907906087511e+01
   3.33133246844927e+01
   3.90218023677692e+01
   4.45903457468256e+01
   4.99267904244425e+01
   5.49930006798069e+01
   5.97754443517696e+01
   6.42696251005603e+01
   6.84734180803562e+01
   7.23832940263004e+01
   7.59939378039515e+01
   7.92991807973272e+01
   8.22940037838854e+01
   8.49766802672818e+01
   8.73503460014497e+01
   8.94240717463742e+01
   9.12126911024612e+01
   9.27363494199008e+01
   9.40189315539328e+01
   9.50869066631731e+01
   9.59673700111748e+01
   9.66871608747051e+01
   9.72712523930942e+01
   9.77426371751953e+01
   9.81212269909544e+01
   9.84245219606613e+01
   9.86668059234427e+01
   9.88604347830395e+01
   9.90150205934884e+01
   9.91390468439485e+01
   9.92380408049780e+01
   9.93138931331227e+01
   9.93563098857011e+01
   9.93306749200661e+01
   9.91706342029060e+01
   9.89521287197870e+01
   9.93937518931184e+01
   1.00000000000000e+02
   7.69838638356068e+00
   1.04559957154771e+01
   1.63140693346089e+01
   2.29890175480093e+01
   2.96500495201414e+01
   3.60792628879141e+01
   4.21885949401877e+01
   4.79472144063384e+01
   5.33488345333467e+01
   5.83998460380081e+01
   6.31103600413408e+01
   6.74895259147645e+01
   7.15430406592868e+01
   7.52728074917930e+01
   7.86783812061422e+01
   8.17589320707357e+01
   8.45158358488645e+01
   8.69543148024865e+01
   8.90849158317140e+01
   9.09234249463238e+01
   9.24907146771907e+01
   9.38111989016710e+01
   9.49118572986591e+01
   9.58202385129251e+01
   9.65636778822462e+01
   9.71676086394167e+01
   9.76555195639815e+01
   9.80477534908705e+01
   9.83622665352438e+01
   9.86136895789181e+01
   9.88147663285887e+01
   9.89753165471501e+01
   9.91040596549701e+01
   9.92062823733824e+01
   9.92827985144158e+01
   9.93194272834036e+01
   9.92628851405707e+01
   9.89690245527125e+01
   9.79430658159193e+01
   9.62305075805464e+01
   1.00000000000000e+02
  -1.07641117899053e-01
   6.49810814012545e+00
   1.38360906852121e+01
   2.10761710686923e+01
   2.81158651596959e+01
   3.48200727644395e+01
   4.11498083255855e+01
   4.70849822224762e+01
   5.26304402392511e+01
   5.77980593300267e+01
   6.26031579654570e+01
   6.70596098882783e+01
   7.11761425080657e+01
   7.49586054262349e+01
   7.84079421744224e+01
   8.15263789206795e+01
   8.43153392056827e+01
   8.67824472345832e+01
   8.89373480089813e+01
   9.07979747495707e+01
   9.23836871726827e+01
   9.37211476821051e+01
   9.48353779380258e+01
   9.57565221487507e+01
   9.65094933649221e+01
   9.71228485275175e+01
   9.76170272109712e+01
   9.80162243744186e+01
   9.83344449575745e+01
   9.85911900305751e+01
   9.87939748741973e+01
   9.89588762757699e+01
   9.90877394456830e+01
   9.91933960100588e+01
   9.92688107025955e+01
   9.93032078544330e+01
   9.92467513247148e+01
   9.88808211766904e+01
   9.78548295384197e+01
   8.97229069323387e+01
   1.00000000000000e+02
