  -1.07641117899053e-01
   6.49810814012545e+00
   1.38360906852121e+01
   2.10761710686923e+01
   2.81158651596959e+01
   3.48200727644395e+01
   4.11498083255855e+01
   4.70849822224762e+01
   5.26304402392511e+01
   5.77980593300267e+01
   6.26031579654570e+01
   6.70596098882783e+01
   7.11761425080657e+01
   7.49586054262349e+01
   7.84079421744224e+01
   8.15263789206795e+01
   8.43153392056827e+01
   8.67824472345832e+01
   8.89373480089813e+01
   9.07979747495707e+01
   9.23836871726827e+01
   9.37211476821051e+01
   9.48353779380258e+01
   9.57565221487507e+01
   9.65094933649221e+01
   9.71228485275175e+01
   9.76170272109712e+01
   9.80162243744186e+01
   9.83344449575745e+01
   9.85911900305751e+01
   9.87939748741973e+01
   9.89588762757699e+01
   9.90877394456830e+01
   9.91933960100588e+01
   9.92688107025955e+01
   9.93032078544330e+01
   9.92467513247148e+01
   9.88808211766904e+01
   9.78548295384197e+01
   8.97229069323387e+01
   0.00000000000000e+00
   0.00000000000000e+00
   4.32984252341023e+00
   1.16830262742076e+01
   1.92799944679031e+01
   2.66124265890043e+01
   3.35673943556424e+01
   4.01050518675062e+01
   4.62136753765688e+01
   5.19023277978155e+01
   5.71871778221004e+01
   6.20884523399048e+01
   6.66230412428684e+01
   7.08042956964918e+01
   7.46398331691540e+01
   7.81343743589699e+01
   8.12906013570045e+01
   8.41128615097873e+01
   8.66081526876543e+01
   8.87885320898179e+01
   9.06705684457905e+01
   9.22759293683313e+01
   9.36294215408208e+01
   9.47585851180538e+01
   9.56912828382009e+01
   9.64553720761036e+01
   9.70766034373332e+01
   9.75789749570579e+01
   9.79831260428914e+01
   9.83074787703100e+01
   9.85668975855310e+01
   9.87745214943168e+01
   9.89403007651118e+01
   9.90732093974002e+01
   9.91783326046898e+01
   9.92559341003034e+01
   9.92896690312696e+01
   9.92206926022740e+01
   9.88911551174002e+01
   9.77607864602800e+01
   9.58814483029692e+01
   1.00000000000000e+02
   0.00000000000000e+00
   2.46356037586210e+00
   8.18740553551026e+00
   1.56069136365738e+01
   2.32788496099663e+01
   3.06789898239701e+01
   3.76472771955291e+01
   4.41409418672020e+01
   5.01589960489305e+01
   5.57206122413216e+01
   6.08506786262952e+01
   6.55740093383920e+01
   6.99106602533764e+01
   7.38753796961005e+01
   7.74781461353598e+01
   8.07264437202504e+01
   8.36277472594095e+01
   8.61917264332252e+01
   8.84319662858610e+01
   9.03663931998551e+01
   9.20173888436147e+01
   9.34105415452414e+01
   9.45738432836682e+01
   9.55357706009672e+01
   9.63246038789230e+01
   9.69666686635537e+01
   9.74863867877746e+01
   9.79049273964650e+01
   9.82410934783821e+01
   9.85102022288735e+01
   9.87256831343237e+01
   9.88978363071392e+01
   9.90357495545471e+01
   9.91445562090202e+01
   9.92242052673469e+01
   9.92579707746986e+01
   9.91967303825610e+01
   9.89504932236141e+01
   9.86245892753729e+01
   9.91945587843741e+01
   1.00000000000000e+02
   0.00000000000000e+00
   1.51127212716714e+00
   5.35088381111280e+00
   1.14268988644745e+01
   1.87734979807294e+01
   2.64205162455151e+01
   3.38523776827213e+01
   4.08542004203714e+01
   4.73532385043805e+01
   5.33403722212628e+01
   5.88343087298801e+01
   6.38629317103050e+01
   6.84539754806652e+01
   7.26307702379162e+01
   7.64115348122973e+01
   7.98107208873814e+01
   8.28412715411118e+01
   8.55170219866034e+01
   8.78544297237061e+01
   8.98736172858950e+01
   9.15983494490540e+01
   9.30555140016733e+01
   9.42738911845708e+01
   9.52830203044103e+01
   9.61117885773453e+01
   9.67875839262617e+01
   9.73353257812101e+01
   9.77772618640242e+01
   9.81325180379717e+01
   9.84174758598611e+01
   9.86456301112196e+01
   9.88283094404015e+01
   9.89743033489485e+01
   9.90896625696858e+01
   9.91742309904299e+01
   9.92171713340463e+01
   9.92005373397969e+01
   9.91647408058281e+01
   9.93324328112410e+01
   9.97351447448284e+01
   1.00000000000000e+02
   0.00000000000000e+00
   9.62406726519000e-01
   3.49303844958699e+00
   7.92334131092323e+00
   1.41172047640024e+01
   2.13856508001560e+01
   2.89863916833568e+01
   3.64294791504083e+01
   4.34629173781227e+01
   4.99822629915563e+01
   5.59620276821975e+01
   6.14145562022933e+01
   6.63668648483692e+01
   7.08485081683822e+01
   7.48863327709356e+01
   7.85033739711880e+01
   8.17200180707672e+01
   8.45559714846423e+01
   8.70321438424783e+01
   8.91718627906457e+01
   9.10012949618868e+01
   9.25490956809162e+01
   9.38455568838801e+01
   9.49214649298143e+01
   9.58069615982329e+01
   9.65305285279468e+01
   9.71182563495017e+01
   9.75933669051850e+01
   9.79760466086823e+01
   9.82834640869937e+01
   9.85300116031717e+01
   9.87275579830405e+01
   9.88856301009697e+01
   9.90109225354969e+01
   9.91063216005388e+01
   9.91731749656456e+01
   9.92309321501535e+01
   9.93513970037830e+01
   9.95921219236000e+01
   9.98631868784233e+01
   1.00000000000000e+02
   0.00000000000000e+00
   6.28856668185220e-01
   2.29987105738020e+00
   5.37912664139203e+00
   1.01226876407346e+01
   1.63706779539083e+01
   2.35795031055342e+01
   3.11355009228674e+01
   3.85774097830449e+01
   4.56325259113539e+01
   5.21701755062790e+01
   5.81470598286757e+01
   6.35664915627487e+01
   6.84526558259010e+01
   7.28362667240859e+01
   7.67479465412530e+01
   8.02162785835395e+01
   8.32683084818218e+01
   8.59308888660160e+01
   8.82319279318481e+01
   9.02010464780878e+01
   9.18695624092382e+01
   9.32699035491169e+01
   9.44346931062440e+01
   9.53957247668548e+01
   9.61830340367573e+01
   9.68241703708448e+01
   9.73437384802167e+01
   9.77631930033652e+01
   9.81008693274027e+01
   9.83721828117339e+01
   9.85899387293561e+01
   9.87646180686106e+01
   9.89047034563249e+01
   9.90182986706181e+01
   9.91202288547684e+01
   9.92445317758557e+01
   9.94322644697650e+01
   9.96741086514938e+01
   9.98890529935081e+01
   1.00000000000000e+02
   0.00000000000000e+00
   4.13861049454213e-01
   1.52335560684158e+00
   3.62240904140579e+00
   7.05639044757736e+00
   1.20003642513229e+01
   1.82848279033918e+01
   2.54508229887507e+01
   3.29660102019476e+01
   4.03962055613165e+01
   4.74591110664810e+01
   5.40045191355865e+01
   5.99729583173937e+01
   6.53582110090168e+01
   7.01808801817459e+01
   7.44725147572076e+01
   7.82675913085416e+01
   8.16004494025656e+01
   8.45048560560937e+01
   8.70145512077686e+01
   8.91638289188988e+01
   9.09877012072765e+01
   9.25215856303945e+01
   9.38006202951499e+01
   9.48588209067468e+01
   9.57282465014874e+01
   9.64383296032511e+01
   9.70154203937269e+01
   9.74825860760737e+01
   9.78596208398062e+01
   9.81632603155314e+01
   9.84075428287006e+01
   9.86044216388838e+01
   9.87651037861649e+01
   9.89036267356233e+01
   9.90430508598740e+01
   9.92151399315906e+01
   9.94378088446481e+01
   9.96854953296109e+01
   9.98967614007939e+01
   1.00000000000000e+02
   0.00000000000000e+00
   2.74351159617687e-01
   1.01101806052861e+00
   2.42809925178899e+00
   4.83596816744114e+00
   8.52908545340214e+00
   1.36200502974164e+01
   1.99346052513383e+01
   2.70674017840830e+01
   3.45420977169806e+01
   4.19490522624771e+01
   4.90035096661642e+01
   5.55418219927795e+01
   6.14911778574565e+01
   6.68365701119428e+01
   7.15949771287208e+01
   7.57986064058703e+01
   7.94856211207742e+01
   8.26958675916057e+01
   8.54693867074475e+01
   8.78461088126150e+01
   8.98658013228080e+01
   9.15678351968647e+01
   9.29906934318240e+01
   9.41712985698658e+01
   9.51443162059997e+01
   9.59415513569160e+01
   9.65915360637174e+01
   9.71193263730079e+01
   9.75465262551900e+01
   9.78915123661087e+01
   9.81699340115843e+01
   9.83957281829220e+01
   9.85833813588493e+01
   9.87519720785610e+01
   9.89281971610207e+01
   9.91396156835385e+01
   9.93945514044998e+01
   9.96649856144938e+01
   9.98887134444210e+01
   1.00000000000000e+02
   0.00000000000000e+00
   1.81376865759025e-01
   6.70656543318367e-01
   1.62085609008050e+00
   3.27629439260648e+00
   5.93113748658137e+00
   9.82922292100774e+00
   1.50365379476270e+01
   2.13756671251782e+01
   2.84776911254070e+01
   3.59075669805078e+01
   4.32779248961735e+01
   5.03062556046551e+01
   5.68205931448229e+01
   6.27379291038510e+01
   6.80358101964669e+01
   7.27279091263701e+01
   7.68469289804480e+01
   8.04343055260724e+01
   8.35347772960827e+01
   8.61938538111780e+01
   8.84566928088075e+01
   9.03674885012728e+01
   9.19689351445369e+01
   9.33016493553105e+01
   9.44035785150148e+01
   9.53094876371377e+01
   9.60505909964012e+01
   9.66543812542844e+01
   9.71446635679798e+01
   9.75418402122614e+01
   9.78635728153994e+01
   9.81262415368691e+01
   9.83477684590403e+01
   9.85513534981949e+01
   9.87661348765742e+01
   9.90184912059307e+01
   9.93140039066234e+01
   9.96212665779289e+01
   9.98751602741987e+01
   1.00000000000000e+02
   0.00000000000000e+00
   1.20095820440003e-01
   4.43796551058283e-01
   1.07725596205476e+00
   2.20011590259614e+00
   4.05917848818536e+00
   6.92306093662556e+00
   1.09908786994395e+01
   1.62929061421950e+01
   2.26490857860986e+01
   2.97168449762833e+01
   3.70934578176534e+01
   4.44121170587157e+01
   5.13958467778960e+01
   5.78685859695797e+01
   6.37401780053803e+01
   6.89822829008745e+01
   7.36057267217403e+01
   7.76434909605658e+01
   8.11396640261837e+01
   8.41430033686504e+01
   8.67034587365102e+01
   8.88703195736651e+01
   9.06911342909218e+01
   9.22109526924218e+01
   9.34717251881629e+01
   9.45118260732109e+01
   9.53657317523695e+01
   9.60638774580447e+01
   9.66327303024902e+01
   9.70951440701612e+01
   9.74712301188186e+01
   9.77801988331085e+01
   9.80435531176703e+01
   9.82885068947598e+01
   9.85475352868927e+01
   9.88487911515318e+01
   9.91973030392998e+01
   9.95576267242764e+01
   9.98538601476283e+01
   1.00000000000000e+02
   0.00000000000000e+00
   7.89904708299397e-02
   2.92734742446416e-01
   7.12751770984677e-01
   1.46655382262950e+00
   2.74419239557694e+00
   4.78562450674245e+00
   7.83190231892415e+00
   1.20434547977143e+01
   1.74220927150986e+01
   2.37853441747607e+01
   3.08108538383351e+01
   3.81225658904710e+01
   4.53730898595040e+01
   5.22934328969716e+01
   5.87069167762422e+01
   6.45190163462758e+01
   6.96970616180172e+01
   7.42495060556810e+01
   7.82093218373548e+01
   8.16224868162648e+01
   8.45407486884246e+01
   8.70173572641982e+01
   8.91046006695692e+01
   9.08523479663136e+01
   9.23071351854309e+01
   9.35115778396433e+01
   9.45040193562628e+01
   9.53183988901075e+01
   9.59843543754558e+01
   9.65276733335469e+01
   9.69713742118054e+01
   9.73379221204565e+01
   9.76527774943000e+01
   9.79478532182007e+01
   9.82605763592984e+01
   9.86230685724938e+01
   9.90408027288171e+01
   9.94713663243631e+01
   9.98254375161989e+01
   1.00000000000000e+02
   0.00000000000000e+00
   5.19985373279417e-02
   1.92361047075440e-01
   4.69448092820626e-01
   9.71373565808888e-01
   1.83719043526990e+00
   3.26009363825137e+00
   5.46865386507920e+00
   8.67662489615832e+00
   1.30106918698281e+01
   1.84491400526552e+01
   2.48073275894906e+01
   3.17793471126706e+01
   3.90122297797497e+01
   4.61773194484533e+01
   5.30155298609385e+01
   5.93524337591454e+01
   6.50915821005462e+01
   7.01974157577622e+01
   7.46764457391126e+01
   7.85612922576822e+01
   8.18989855881711e+01
   8.47431708867647e+01
   8.71492325507908e+01
   8.91713509633117e+01
   9.08607557876438e+01
   9.22647044545564e+01
   9.34259274825085e+01
   9.43824107732629e+01
   9.51674972905418e+01
   9.58104191958468e+01
   9.63376076100692e+01
   9.67753043495358e+01
   9.71536224528924e+01
   9.75103688212850e+01
   9.78898099687697e+01
   9.83299022611240e+01
   9.88366967437607e+01
   9.93591105804894e+01
   9.97885381702496e+01
   1.00000000000000e+02
   0.00000000000000e+00
   3.39326171389422e-02
   1.25957383585606e-01
   3.07924422782848e-01
   6.39867746080554e-01
   1.22032805381460e+00
   2.19546690601717e+00
   3.75747951127778e+00
   6.12100791748681e+00
   9.47336284370012e+00
   1.39113146750007e+01
   1.93931615881765e+01
   2.57324677064982e+01
   3.26374916700218e+01
   3.97760942925608e+01
   4.68380119773115e+01
   5.35756203866198e+01
   5.98191019302652e+01
   6.54721793848823e+01
   7.04976801416588e+01
   7.49005411925953e+01
   7.87126644550030e+01
   8.19812872028949e+01
   8.47608699276255e+01
   8.71078043380880e+01
   8.90771237720236e+01
   9.07205476590267e+01
   9.20853935373538e+01
   9.32140832111469e+01
   9.41441316874146e+01
   9.49087204962671e+01
   9.55382315591592e+01
   9.60633398646976e+01
   9.65197824343367e+01
   9.69528294396780e+01
   9.74157028366614e+01
   9.79540474779012e+01
   9.85747778887430e+01
   9.92146228077030e+01
   9.97405368142176e+01
   1.00000000000000e+02
  -1.17096540618744e-31
   2.22179001194228e-02
   8.21988947899356e-02
   2.01230022348233e-01
   4.19590750822109e-01
   8.05508821739918e-01
   1.46525259011310e+00
   2.54924375802556e+00
   4.24576922036775e+00
   6.75387720293207e+00
   1.02353423439784e+01
   1.47599984852998e+01
   2.02688661469876e+01
   2.65742560083719e+01
   3.33972834690650e+01
   4.04252473383191e+01
   4.73661578201159e+01
   5.39851151655864e+01
   6.01188315470677e+01
   6.56729591094894e+01
   7.06098090272233e+01
   7.49330553666946e+01
   7.86735265645559e+01
   8.18778681228731e+01
   8.46003415854787e+01
   8.68973014857229e+01
   8.88236877865633e+01
   9.04309411175123e+01
   9.17659093623357e+01
   9.28705280698357e+01
   9.37823239251749e+01
   9.45361606395827e+01
   9.51679014368552e+01
   9.57201200655806e+01
   9.62474422360721e+01
   9.68144910258052e+01
   9.74766807798585e+01
   9.82416685802671e+01
   9.90310819888778e+01
   9.96803390607674e+01
   1.00000000000000e+02
  -2.89659863635840e-31
   1.43910766588944e-02
   5.35119650686125e-02
   1.31142524056227e-01
   2.74171112767785e-01
   5.29146830758838e-01
   9.71203132570158e-01
   1.71270354419748e+00
   2.90608140874700e+00
   4.73335532199073e+00
   7.37672860437218e+00
   1.09732644406323e+01
   1.55682600046479e+01
   2.10876886829143e+01
   2.73433091512744e+01
   3.40684320457215e+01
   4.09689642147162e+01
   4.77711916808706e+01
   5.42539427185283e+01
   6.02619917860271e+01
   6.57043613922586e+01
   7.05437707108976e+01
   7.47828979354053e+01
   7.84511844644085e+01
   8.15939734279240e+01
   8.42644217358879e+01
   8.65179168512313e+01
   8.84084784677577e+01
   8.99866532011153e+01
   9.12985867834065e+01
   9.23862826253618e+01
   9.32894989935502e+01
   9.40500786938415e+01
   9.47188287796044e+01
   9.53619550778049e+01
   9.60583269814637e+01
   9.68755125037622e+01
   9.78220356637628e+01
   9.87995467663121e+01
   9.96033860927266e+01
   1.00000000000000e+02
  -4.31408307542741e-32
   9.40762896903864e-03
   3.47718438903541e-02
   8.52938335702853e-02
   1.78726741982018e-01
   3.46432982296087e-01
   6.40552041282038e-01
   1.14236496219295e+00
   1.96897863348732e+00
   3.27280938229090e+00
   5.22753167801850e+00
   7.99748357585057e+00
   1.16957662787588e+01
   1.63451799326113e+01
   2.18586156770936e+01
   2.80481213153067e+01
   3.46589710081066e+01
   4.14152016549249e+01
   4.80614139901758e+01
   5.43909223730377e+01
   6.02577472046867e+01
   6.55754310770840e+01
   7.03078651682944e+01
   7.44569685934636e+01
   7.80505454923982e+01
   8.11320417519442e+01
   8.37527414341279e+01
   8.59662841529095e+01
   8.78251359514053e+01
   8.93787083317341e+01
   9.06731278676614e+01
   9.17531897076758e+01
   9.26674262100086e+01
   9.34763990326776e+01
   9.42604346298799e+01
   9.51159515938250e+01
   9.61254404394794e+01
   9.72979850161627e+01
   9.85105537094871e+01
   9.95085220900264e+01
   1.00000000000000e+02
   6.16297582203915e-33
   6.05859669438009e-03
   2.25858501906821e-02
   5.54414568535485e-02
   1.16370435911448e-01
   2.26380739469015e-01
   4.21146729967326e-01
   7.58175453334781e-01
   1.32425765560057e+00
   2.23990393466998e+00
   3.65555285829715e+00
   5.73463639907697e+00
   8.62277565101657e+00
   1.24098361990507e+01
   1.70979606451809e+01
   2.25887854058440e+01
   2.86955988198569e+01
   3.51756831630294e+01
   4.17709304116724e+01
   4.82442662335389e+01
   5.44040102929804e+01
   6.01142951431898e+01
   6.52940671030563e+01
   6.99090070231248e+01
   7.39604910834260e+01
   7.74745111162313e+01
   8.04921544868501e+01
   8.30622359764967e+01
   8.52361091042543e+01
   8.70645297985609e+01
   8.85966902034663e+01
   8.98821035979332e+01
   9.09764841298532e+01
   9.19516940526729e+01
   9.29050011928042e+01
   9.39541175753090e+01
   9.51995669750122e+01
   9.66508534167239e+01
   9.81533811307100e+01
   9.93899140430327e+01
   1.00000000000000e+02
  -1.84889274661175e-31
   3.98078330636261e-03
   1.46753863684725e-02
   3.60465944741361e-02
   7.57881465600751e-02
   1.47872346713710e-01
   2.76512638127183e-01
   5.01764100550685e-01
   8.86361061802023e-01
   1.52191491199369e+00
   2.53091694378790e+00
   4.05987922442671e+00
   6.26023340438943e+00
   9.25819328851251e+00
   1.31211525372647e+01
   1.78323478500430e+01
   2.32839255020709e+01
   2.92914430224712e+01
   3.56243994798422e+01
   4.20423627046070e+01
   4.83265162776978e+01
   5.43004711354385e+01
   5.98390480372237e+01
   6.48672380037809e+01
   6.93529947160385e+01
   7.32973514413541e+01
   7.67243947378522e+01
   7.96725548294291e+01
   8.21878613586449e+01
   8.43194385419473e+01
   8.61176316332871e+01
   8.76357364469305e+01
   8.89367737989127e+01
   9.01053676689236e+01
   9.12587391008397e+01
   9.25400266449953e+01
   9.40712125333464e+01
   9.58615001033993e+01
   9.77177879791761e+01
   9.92467587404998e+01
   1.00000000000000e+02
   0.00000000000000e+00
   2.55227468328020e-03
   9.55783055148237e-03
   2.34880487730164e-02
   4.94356239872196e-02
   9.67037437900787e-02
   1.81617884018890e-01
   3.31799144322654e-01
   5.91815166718931e-01
   1.02942971888512e+00
   1.74025334127964e+00
   2.84721504478442e+00
   4.49095103970072e+00
   6.80927451549328e+00
   9.90848106203660e+00
   1.38343485549637e+01
   1.85529470339811e+01
   2.39486736762416e+01
   2.98404270073182e+01
   3.60102116528808e+01
   4.22351107011470e+01
   4.83143879124490e+01
   5.40870059763399e+01
   5.94387849416982e+01
   6.43011802601057e+01
   6.86447772290481e+01
   7.24704558614336e+01
   7.58004143841171e+01
   7.86704158712935e+01
   8.11241004115606e+01
   8.32102231383888e+01
   8.49842421991976e+01
   8.65161467816797e+01
   8.79045823224404e+01
   8.92898152435043e+01
   9.08447983937929e+01
   9.27165491498255e+01
   9.49132748176232e+01
   9.71941709166942e+01
   9.90730086370134e+01
   1.00000000000000e+02
   6.00890142648818e-32
   1.70300940192382e-03
   6.24297910554407e-03
   1.53490349287463e-02
   3.23505851163264e-02
   6.34155197813564e-02
   1.19543344589711e-01
   2.19659726395865e-01
   3.95069349116903e-01
   6.94961160470879e-01
   1.19180693523337e+00
   1.98422027288420e+00
   3.19389458983785e+00
   4.95365140918552e+00
   7.38622710523990e+00
   1.05776965901457e+01
   1.45532153300690e+01
   1.92634607634071e+01
   2.45868145092588e+01
   3.03465974617338e+01
   3.63376251174593e+01
   4.23542994457400e+01
   4.82136555605799e+01
   5.37698542533677e+01
   5.89197857292094e+01
   6.36015899940061e+01
   6.77887351384555e+01
   7.14821659836611e+01
   7.47024735231181e+01
   7.74835584903252e+01
   7.98692544896199e+01
   8.19149733513143e+01
   8.36968609428406e+01
   8.53285733135770e+01
   8.69764603441244e+01
   8.88477679264806e+01
   9.11181422159743e+01
   9.37933180410175e+01
   9.65756900176132e+01
   9.88695601235130e+01
   1.00000000000000e+02
   1.20948400507518e-31
   1.08552422756901e-03
   4.10075801694473e-03
   1.00856482156878e-02
   2.12675525164589e-02
   4.17703196870387e-02
   7.89908227574782e-02
   1.45868479645164e-01
   2.64244218366013e-01
   4.69386008498623e-01
   8.15132081249418e-01
   1.37817196745041e+00
   2.25892777410368e+00
   3.57606015784783e+00
   5.45267531782328e+00
   7.99516729378584e+00
   1.12693285439144e+01
   1.52808554778114e+01
   1.99668671251415e+01
   2.52014557303003e+01
   3.08134234927466e+01
   3.66106707600728e+01
   4.24046494916330e+01
   4.80297170809094e+01
   5.33548804579067e+01
   5.82879581951519e+01
   6.27738279086671e+01
   6.67890461429189e+01
   7.03350688379988e+01
   7.34320720654069e+01
   7.61155029594755e+01
   7.84381920668308e+01
   8.04812780297872e+01
   8.23741352353367e+01
   8.43120665915494e+01
   8.65409641517191e+01
   8.92684586979024e+01
   9.24962627424304e+01
   9.58589553059866e+01
   9.86318121832791e+01
   1.00000000000000e+02
   3.39132189082287e-31
   7.47412433399181e-04
   2.70866342889052e-03
   6.66421905666951e-03
   1.40727051451500e-02
   2.76802476383520e-02
   5.24902679729553e-02
   9.73488707392934e-02
   1.77453211236330e-01
   3.17908585398653e-01
   5.58188668521290e-01
   9.56680883659677e-01
   1.59359598089299e+00
   2.56976012295462e+00
   3.99890136590348e+00
   5.99258911363009e+00
   8.63984315029800e+00
   1.19863828008659e+01
   1.60197989371806e+01
   2.06655545456366e+01
   2.57951606145434e+01
   3.12439075391669e+01
   3.68329878037893e+01
   4.23905393592005e+01
   4.77676534060285e+01
   5.28476557851868e+01
   5.75489820633876e+01
   6.18232234185672e+01
   6.56504457088652e+01
   6.90340870190664e+01
   7.19981634984440e+01
   7.45904582265711e+01
   7.68958115190941e+01
   7.90598136908923e+01
   8.13093264573650e+01
   8.39329129249709e+01
   8.71731405133081e+01
   9.10252723221668e+01
   9.50459407389034e+01
   9.83642184030330e+01
   1.00000000000000e+02
   0.00000000000000e+00
   4.69917284372248e-04
   1.80611704333087e-03
   4.44469970608187e-03
   9.38422059291532e-03
   1.84866379137436e-02
   3.51394029008161e-02
   6.54139747736296e-02
   1.19890010204249e-01
   2.16386817034270e-01
   3.83627071932546e-01
   6.65455266703141e-01
   1.12453400133082e+00
   1.84366091737616e+00
   2.92245311098806e+00
   4.46773945781671e+00
   6.57786228338518e+00
   9.32371304911674e+00
   1.27314433694288e+01
   1.67720898670067e+01
   2.13614242572459e+01
   2.63700483553067e+01
   3.16406690368923e+01
   3.70078866424838e+01
   4.23160555386657e+01
   4.74322855255845e+01
   5.22535632897550e+01
   5.67085739453321e+01
   6.07558494853455e+01
   6.43805701973931e+01
   6.75932105573963e+01
   7.04345259550205e+01
   7.29919282891922e+01
   7.54276269457997e+01
   7.80023299011453e+01
   8.10507606458193e+01
   8.48527292542868e+01
   8.93946766422477e+01
   9.41441352476074e+01
   9.80650570197476e+01
   1.00000000000000e+02
  -4.08297148210094e-32
   3.42539457017085e-04
   1.21389962804359e-03
   2.98822995876137e-03
   6.32052691607942e-03
   1.24634620319924e-02
   2.37404269587126e-02
   4.43382907823683e-02
   8.16495635072359e-02
   1.48331053903193e-01
   2.65219800801992e-01
   4.64980433054310e-01
   7.95870257986022e-01
   1.32433282633322e+00
   2.13455719521517e+00
   3.32314590959086e+00
   4.98804640328847e+00
   7.21287545640868e+00
   1.00499638114908e+01
   1.35067136576426e+01
   1.75393516735321e+01
   2.20559686949737e+01
   2.69278709261403e+01
   3.20060085930287e+01
   3.71383989686972e+01
   4.21850413053191e+01
   4.70282623002097e+01
   5.15780501876385e+01
   5.57733107757763e+01
   5.95811496400177e+01
   6.29976474204915e+01
   6.60553753417564e+01
   6.88436056775298e+01
   7.15416065641211e+01
   7.44458606902944e+01
   7.79400537649985e+01
   8.23428218093640e+01
   8.76286886751023e+01
   9.31671651119092e+01
   9.77434363619032e+01
   1.00000000000000e+02
  -4.31408307542741e-32
   2.08041061959074e-04
   8.27371400650988e-04
   2.03691976352306e-03
   4.30344671402656e-03
   8.49746733535262e-03
   1.62148079761198e-02
   3.03698163109611e-02
   5.61595575038879e-02
   1.02609618182493e-01
   1.84849401902370e-01
   3.27139989787194e-01
   5.66343560525791e-01
   9.54996363862156e-01
   1.56256387895104e+00
   2.47315887950665e+00
   3.77840578065933e+00
   5.56543853510476e+00
   7.90190784302313e+00
   1.08215124752283e+01
   1.43140425487246e+01
   1.83228354847150e+01
   2.27503318675049e+01
   2.74700727267759e+01
   3.23419595432536e+01
   3.72273273473209e+01
   4.20011829793442e+01
   4.65603231277106e+01
   5.08275335923439e+01
   5.47535927922343e+01
   5.83206656925290e+01
   6.15529694517023e+01
   6.45415128847748e+01
   6.74831833750501e+01
   7.07117804203522e+01
   7.46619355611913e+01
   7.96918353204244e+01
   8.57614703521506e+01
   9.21335220885298e+01
   9.74003571746172e+01
   1.00000000000000e+02
  -8.62816615085482e-32
   1.67444846036706e-04
   5.69249135559598e-04
   1.40199706709832e-03
   2.97024327021924e-03
   5.86786300458996e-03
   1.12153864344293e-02
   2.10585131705759e-02
   3.90837303018339e-02
   7.17706949485843e-02
   1.30151487664732e-01
   2.32263870184082e-01
   4.06178903627004e-01
   6.93091157938016e-01
   1.14944785952015e+00
   1.84667436342223e+00
   2.86707358058702e+00
   4.29522476840839e+00
   6.20564586293445e+00
   8.64910651208272e+00
   1.16409946162936e+01
   1.51549384806250e+01
   1.91234556245039e+01
   2.34453557144700e+01
   2.79978382889797e+01
   3.26503388064125e+01
   3.72773369201727e+01
   4.17682970425632e+01
   4.60343097411997e+01
   5.00127375446810e+01
   5.36734590928514e+01
   5.70331261457041e+01
   6.01849747772509e+01
   6.33442127556848e+01
   6.68830686071567e+01
   7.12882230528167e+01
   7.69573534240756e+01
   8.38329173090443e+01
   9.10655813253417e+01
   9.70488849840219e+01
   1.00000000000000e+02
   8.93631494195677e-32
   9.39594310508477e-05
   3.99504626472486e-04
   9.83715749835138e-04
   2.07833964225018e-03
   4.11154970965897e-03
   7.86893027333380e-03
   1.48076275633272e-02
   2.75706848807196e-02
   5.08539137155033e-02
   9.27599565845901e-02
   1.66760754940586e-01
   2.94257544494438e-01
   5.07451669669585e-01
   8.51820640451704e-01
   1.38706089862377e+00
   2.18516723502523e+00
   3.32466235179948e+00
   4.88098607657327e+00
   6.91445689829161e+00
   9.45843827783646e+00
   1.25107398120559e+01
   1.60305713983358e+01
   1.99418112722193e+01
   2.41416121096490e+01
   2.85121344104510e+01
   3.29328372907010e+01
   3.72912642368219e+01
   4.14914502747242e+01
   4.54608844486274e+01
   4.91595954466708e+01
   5.25982190855493e+01
   5.58732274964249e+01
   5.92189281682767e+01
   6.30466147501696e+01
   6.78952017684489e+01
   7.42009844920520e+01
   8.18869139700283e+01
   8.99872856619819e+01
   9.66905928101973e+01
   1.00000000000000e+02
  -2.31111593326468e-32
   8.94094639880576e-05
   2.82890454867480e-04
   6.97166346988901e-04
   1.47979024701862e-03
   2.92720511471954e-03
   5.60964787391229e-03
   1.05764076783573e-02
   1.97481921810982e-02
   3.65678532432194e-02
   6.70457984308404e-02
   1.21320858387065e-01
   2.15787762166727e-01
   3.75650023675043e-01
   6.37432140200344e-01
   1.05058760512737e+00
   1.67705191956200e+00
   2.58766581210914e+00
   3.85502114983381e+00
   5.54339370092346e+00
   7.69763309328815e+00
   1.03336164779766e+01
   1.34327225613367e+01
   1.69417456175683e+01
   2.07781724857892e+01
   2.48394002579525e+01
   2.90137578663890e+01
   3.31913035890498e+01
   3.72732923496297e+01
   4.11809937377214e+01
   4.48674176082441e+01
   4.83392061014780e+01
   5.16974024925096e+01
   5.51961622880316e+01
   5.92859509781101e+01
   6.45572149276514e+01
   7.14833837960579e+01
   7.99657962467137e+01
   8.89224543289807e+01
   9.63404838476457e+01
   1.00000000000000e+02
   0.00000000000000e+00
   4.25372095164431e-05
   2.06035217969177e-04
   5.07175214141534e-04
   1.07068893007503e-03
   2.12151544074627e-03
   4.06949428739092e-03
   7.68571980370697e-03
   1.43863401858190e-02
   2.67309874189555e-02
   4.92331395358187e-02
   8.96027610457386e-02
   1.60499587651287e-01
   2.81748926994257e-01
   4.82723956557089e-01
   8.04258825718134e-01
   1.29914071886841e+00
   2.03014505716883e+00
   3.06492584606601e+00
   4.46789937091091e+00
   6.29033579848282e+00
   8.56075322036225e+00
   1.12779467669304e+01
   1.44084110921011e+01
   1.78887411325934e+01
   2.16323074273975e+01
   2.55385963640872e+01
   2.95034056722076e+01
   3.34287485576755e+01
   3.72330270269709e+01
   4.08650803133155e+01
   4.43297424499959e+01
   4.77340733428535e+01
   5.13526671511191e+01
   5.56747203842290e+01
   6.13406881205700e+01
   6.88590580732256e+01
   7.81088871146166e+01
   8.78925754521915e+01
   9.59976124227179e+01
   1.00000000000000e+02
   0.00000000000000e+00
   5.33495733753311e-05
   1.50747783435470e-04
   3.71964273017290e-04
   7.91436064910111e-04
   1.56683172697239e-03
   3.00884221969849e-03
   5.69088671605882e-03
   1.06756254765815e-02
   1.98961050388282e-02
   3.67912177342801e-02
   6.72992850984234e-02
   1.21301419767346e-01
   2.14520582100724e-01
   3.70699633746719e-01
   6.23598722713997e-01
   1.01804739477488e+00
   1.60911404400616e+00
   2.45860868179494e+00
   3.62871427932315e+00
   5.17344565274409e+00
   7.12952966510242e+00
   9.50877688421880e+00
   1.22938058660965e+01
   1.54381393870684e+01
   1.88705567693886e+01
   2.25026203914211e+01
   2.62378883320773e+01
   2.99817698151144e+01
   3.36525919122289e+01
   3.71976014452295e+01
   4.06219166821392e+01
   4.40399795827571e+01
   4.77471822177426e+01
   5.22705207665683e+01
   5.82983017409644e+01
   6.63717225144507e+01
   7.63466651460448e+01
   8.69149482240209e+01
   9.56768533897980e+01
   1.00000000000000e+02
   0.00000000000000e+00
   1.82812311803640e-05
   1.14940572809053e-04
   2.82530728862706e-04
   5.95416264264478e-04
   1.18150083872922e-03
   2.27023494839414e-03
   4.29958690407923e-03
   8.08099650020321e-03
   1.51003850776286e-02
   2.80209347817060e-02
   5.14851571802232e-02
   9.33068493937506e-02
   1.66092077227332e-01
   2.89190945273121e-01
   4.90654449228368e-01
   8.08590192744682e-01
   1.29110029122725e+00
   1.99400604587114e+00
   2.97595095515654e+00
   4.29119861004082e+00
   5.98128323639878e+00
   8.06726755590337e+00
   1.05444218596573e+01
   1.33805888507770e+01
   1.65185613651000e+01
   1.98818614105334e+01
   2.33827907677260e+01
   2.69319049656015e+01
   3.04495876346844e+01
   3.38836380122511e+01
   3.72412828060322e+01
   4.06455247828081e+01
   4.44127283622836e+01
   4.91065456572170e+01
   5.54607658640452e+01
   6.40468393298481e+01
   7.46980866638378e+01
   8.59997899940596e+01
   9.53711631709829e+01
   1.00000000000000e+02
   0.00000000000000e+00
   3.60910812293761e-05
   8.69785977344701e-05
   2.15244256857927e-04
   4.59404717573115e-04
   9.09825648925906e-04
   1.74998147371304e-03
   3.31789892526986e-03
   6.24631640583510e-03
   1.16988547144432e-02
   2.17751269461165e-02
   4.01646538129273e-02
   7.31390177743089e-02
   1.30936307459080e-01
   2.29493863022520e-01
   3.92299145562449e-01
   6.51883645417796e-01
   1.05025973911749e+00
   1.63754330807923e+00
   2.46824308938924e+00
   3.59526780493434e+00
   5.06245139176386e+00
   6.89704144427720e+00
   9.10383018752746e+00
   1.16623015674378e+01
   1.45274260478850e+01
   1.76338812568252e+01
   2.09029128141802e+01
   2.42512289021675e+01
   2.76027794077498e+01
   3.09075787689231e+01
   3.41764224624760e+01
   3.75418202481456e+01
   4.13413397994526e+01
   4.61747070523471e+01
   5.28198370335521e+01
   6.18769989839550e+01
   7.31566888842867e+01
   8.51437362280395e+01
   9.50912938524538e+01
   1.00000000000000e+02
   0.00000000000000e+00
   6.09812468670988e-06
   7.00552292680130e-05
   1.71483417249006e-04
   3.60453268492840e-04
   7.16242462970446e-04
   1.37796400673264e-03
   2.61521854871442e-03
   4.93038203728527e-03
   9.25247307297159e-03
   1.72666908478650e-02
   3.19550810553733e-02
   5.84289329679349e-02
   1.05116485987402e-01
   1.85293900866687e-01
   3.18800727749107e-01
   5.33565059509995e-01
   8.66346600689534e-01
   1.36199793018589e+00
   2.07068142093634e+00
   3.04291428918196e+00
   4.32296928735500e+00
   5.94179504597216e+00
   7.91096648197340e+00
   1.02190485578145e+01
   1.28311981088983e+01
   1.56920767813368e+01
   1.87315949531735e+01
   2.18731238338003e+01
   2.50452307608657e+01
   2.82013707263609e+01
   3.13568903237587e+01
   3.46543234593811e+01
   3.84529283906669e+01
   4.33900868294837e+01
   5.02908894097060e+01
   5.97871116242255e+01
   7.16677310003118e+01
   8.43155172595123e+01
   9.48134465913378e+01
   1.00000000000000e+02
   0.00000000000000e+00
   2.75579648154567e-05
   5.42943208348243e-05
   1.35339234251014e-04
   2.89879230563917e-04
   5.74080799393536e-04
   1.10553165507750e-03
   2.09975517430535e-03
   3.96332062550002e-03
   7.44987880510154e-03
   1.39331063499079e-02
   2.58574974262309e-02
   4.74421177735467e-02
   8.57015516767681e-02
   1.51793421925781e-01
   2.62582163994904e-01
   4.42123958192396e-01
   7.22573068963355e-01
   1.14387951710755e+00
   1.75171246664400e+00
   2.59337563755255e+00
   3.71203991694107e+00
   5.14022145953761e+00
   6.89383314012497e+00
   8.96813940081719e+00
   1.13365345436656e+01
   1.39524242346724e+01
   1.67539739654782e+01
   1.96715798896957e+01
   2.26393015055307e+01
   2.56149282374856e+01
   2.86185757039335e+01
   3.18019501533705e+01
   3.55455978284635e+01
   4.05296318170341e+01
   4.76415288861256e+01
   5.75635041529717e+01
   7.00678032479038e+01
   8.34219529236632e+01
   9.45212397449402e+01
   1.00000000000000e+02
   0.00000000000000e+00
  -7.73543160675321e-07
   4.60595750564018e-05
   1.11545814765294e-04
   2.33757986039066e-04
   4.65110567772000e-04
   8.95496779197170e-04
   1.70208402636159e-03
   3.21561925675923e-03
   6.05237340462190e-03
   1.13388747543329e-02
   2.10894722666475e-02
   3.87989867147464e-02
   7.03161381381713e-02
   1.25014283723458e-01
   2.17187352595568e-01
   3.67433559637509e-01
   6.03612794501709e-01
   9.60818536649456e-01
   1.47983302154864e+00
   2.20377642271825e+00
   3.17314063668325e+00
   4.41993601254537e+00
   5.96210033669501e+00
   7.79938954582869e+00
   9.91168866756005e+00
   1.22601347482223e+01
   1.47909976659125e+01
   1.74423328464606e+01
   2.01547630425954e+01
   2.28911348245981e+01
   2.56753014454519e+01
   2.86637523273474e+01
   3.22518697660253e+01
   3.71655949671684e+01
   4.43903378723395e+01
   5.47272799924593e+01
   6.79740883010318e+01
   8.22379744275796e+01
   9.41241750501260e+01
   1.00000000000000e+02
   0.00000000000000e+00
   2.27934968497281e-05
   3.42823793604549e-05
   8.77246617483917e-05
   1.88009728986120e-04
   3.72498047368347e-04
   7.17817501567312e-04
   1.36476406137154e-03
   2.58040213026814e-03
   4.86094230395628e-03
   9.11865248529696e-03
   1.69864733125287e-02
   3.13125882431030e-02
   5.68810775168293e-02
   1.01405519464443e-01
   1.76717833270731e-01
   2.99997341015923e-01
   4.94668344503162e-01
   7.90527451372943e-01
   1.22259096965020e+00
   1.82840966266829e+00
   2.64391089317591e+00
   3.69837731537335e+00
   5.00947448118958e+00
   6.57943983510630e+00
   8.39325397224777e+00
   1.04192718262112e+01
   1.26123104721217e+01
   1.49193599225378e+01
   1.72892020056832e+01
   1.96904972971307e+01
   2.21482682843546e+01
   2.48136156336007e+01
   2.80753026379917e+01
   3.26832266026328e+01
   3.97534929043651e+01
   5.03713050774325e+01
   6.45666875556080e+01
   8.02542976717353e+01
   9.34595858702425e+01
   1.00000000000000e+02
   0.00000000000000e+00
  -6.94308440853527e-06
   3.19385915983253e-05
   6.46576115006911e-05
   1.46879549539313e-04
   2.80585993992638e-04
   5.52082007393919e-04
   1.03890108375008e-03
   1.97574529670378e-03
   3.71393600288684e-03
   6.98236643581640e-03
   1.30105336506768e-02
   2.40227776333623e-02
   4.36945790453679e-02
   7.80416692982396e-02
   1.36260514836344e-01
   2.31830713643181e-01
   3.83161786234848e-01
   6.13876199344140e-01
   9.51863428033868e-01
   1.42735229508571e+00
   2.06952565367607e+00
   2.90265609650179e+00
   3.94191458248794e+00
   5.19035179374476e+00
   6.63707675993192e+00
   8.25778732812799e+00
   1.00168866612384e+01
   1.18722857361758e+01
   1.37829727552380e+01
   1.57244235737967e+01
   1.77191186862221e+01
   1.98977717331063e+01
   2.26031042646946e+01
   2.65345387294034e+01
   3.28714154846856e+01
   4.31467363323710e+01
   5.82528399759093e+01
   7.63146061622485e+01
   9.21163582469156e+01
   1.00000000000000e+02
   0.00000000000000e+00
   1.97610052252414e-05
   5.16303426384067e-06
   6.38049183151250e-05
   7.61118545342499e-05
   2.18644847112793e-04
   3.49100712868942e-04
   7.38925019394187e-04
   1.32154549962679e-03
   2.56940521034475e-03
   4.74732072265043e-03
   8.93654171531319e-03
   1.64248167344653e-02
   2.99861592802599e-02
   5.35183057207211e-02
   9.36309305159480e-02
   1.59394778788263e-01
   2.63867476631263e-01
   4.23218164345882e-01
   6.57244610649773e-01
   9.86856921421296e-01
   1.43300230759008e+00
   2.01261604705234e+00
   2.73710537163129e+00
   3.60863527016364e+00
   4.62046833851561e+00
   5.75543902258942e+00
   6.98939890556450e+00
   8.29235200292453e+00
   9.63628298380137e+00
   1.10034373099232e+01
   1.24114503111537e+01
   1.39549441288560e+01
   1.58891920584498e+01
   1.87536212435004e+01
   2.35611627753315e+01
   3.20349352895611e+01
   4.65587653095753e+01
   6.77355677974622e+01
   8.89414576582897e+01
   1.00000000000000e+02
   0.00000000000000e+00
   5.40900285266400e-05
  -3.67980220751820e-05
   6.22400368435132e-05
   2.75758219278607e-05
   1.23907698535216e-04
   1.92987751833510e-04
   3.97290421540852e-04
   7.32405216165170e-04
   1.39273493264634e-03
   2.61036934531256e-03
   4.87301357493356e-03
   9.00403494960491e-03
   1.63953245747750e-02
   2.93238514678268e-02
   5.12718052340093e-02
   8.73806379458303e-02
   1.44671636717935e-01
   2.32226196899859e-01
   3.60787452047964e-01
   5.42105317226554e-01
   7.87585909805304e-01
   1.10685831158688e+00
   1.50609075933013e+00
   1.98681196869326e+00
   2.54515848528418e+00
   3.17198372346168e+00
   3.85374664816867e+00
   4.57416724489240e+00
   5.31752172998475e+00
   6.07429824374681e+00
   6.85425590708315e+00
   7.71081700990708e+00
   8.78831536697941e+00
   1.03987124488839e+01
   1.31585260575201e+01
   1.82962810331156e+01
   2.84453938618053e+01
   4.89403858649377e+01
   8.03027153868873e+01
   1.00000000000000e+02
   0.00000000000000e+00
  -3.90134336400563e-04
   4.47726192420374e-04
  -4.56539802632774e-04
   4.76763720834928e-04
  -4.12701660904719e-04
   5.03761115750023e-04
  -2.98507957933545e-04
   6.62879217786162e-04
   4.19886738396631e-05
   1.27514869434267e-03
   1.18931209921168e-03
   3.38736842373445e-03
   4.97552679993107e-03
   1.01021257029865e-02
   1.64491093240857e-02
   2.92739320598095e-02
   4.72105294631883e-02
   7.70923326464005e-02
   1.18446307169192e-01
   1.79400106477149e-01
   2.59211784590766e-01
   3.65900838575240e-01
   4.96300071338413e-01
   6.56588404398574e-01
   8.39295431795595e-01
   1.04825148009392e+00
   1.27137849058157e+00
   1.51182248278846e+00
   1.75478576411308e+00
   2.00800271884605e+00
   2.26240474728032e+00
   2.54956755365200e+00
   2.90235935551215e+00
   3.44047328982977e+00
   4.36159312147656e+00
   6.10118000510501e+00
   9.79526911596514e+00
   1.89963863185997e+01
   4.98840243701032e+01
   1.00000000000000e+02
   0.00000000000000e+00
   0.00000000000000e+00
   0.00000000000000e+00
   0.00000000000000e+00
   0.00000000000000e+00
   0.00000000000000e+00
   0.00000000000000e+00
   0.00000000000000e+00
   0.00000000000000e+00
   0.00000000000000e+00
   0.00000000000000e+00
   0.00000000000000e+00
   0.00000000000000e+00
   0.00000000000000e+00
   0.00000000000000e+00
   0.00000000000000e+00
   0.00000000000000e+00
   0.00000000000000e+00
   0.00000000000000e+00
   0.00000000000000e+00
   0.00000000000000e+00
   0.00000000000000e+00
   0.00000000000000e+00
   0.00000000000000e+00
   0.00000000000000e+00
   0.00000000000000e+00
   0.00000000000000e+00
   0.00000000000000e+00
   0.00000000000000e+00
   0.00000000000000e+00
   0.00000000000000e+00
   0.00000000000000e+00
   0.00000000000000e+00
   0.00000000000000e+00
   0.00000000000000e+00
   0.00000000000000e+00
   0.00000000000000e+00
   0.00000000000000e+00
   0.00000000000000e+00
   0.00000000000000e+00
   0.00000000000000e+00
