  -1.00000000000000e+00
  -9.95527127445284e-01
  -9.85031859124725e-01
  -9.68610869567682e-01
  -9.46364199647492e-01
  -9.18425870697904e-01
  -8.84963972169615e-01
  -8.46179772103992e-01
  -8.02306533958092e-01
  -7.53608121886951e-01
  -7.00377416780683e-01
  -6.42934556064585e-01
  -5.81625008915213e-01
  -5.16817498847129e-01
  -4.48901786314829e-01
  -3.78286324731083e-01
  -3.05395804029446e-01
  -2.30668596559530e-01
  -1.54554120683840e-01
  -7.75101379362543e-02
   0.00000000000000e+00
   7.75101379362543e-02
   1.54554120683840e-01
   2.30668596559530e-01
   3.05395804029446e-01
   3.78286324731083e-01
   4.48901786314829e-01
   5.16817498847129e-01
   5.81625008915213e-01
   6.42934556064585e-01
   7.00377416780683e-01
   7.53608121886951e-01
   8.02306533958092e-01
   8.46179772103992e-01
   8.84963972169615e-01
   9.18425870697904e-01
   9.46364199647492e-01
   9.68610869567682e-01
   9.85031859124725e-01
   9.95527127445284e-01
   1.00000000000000e+00
